Position (m) Run #1	Magnetic Field Strength (100X) (T) Run #1	Position (m) Run #2	Magnetic Field Strength (100X) (T) Run #2	Position (m) Run #3	Magnetic Field Strength (100X) (T) Run #3	Position (m) Run #4	Magnetic Field Strength (100X) (T) Run #4	Position (m) Run #5	Magnetic Field Strength (100X) (T) Run #5	Position (m) Run #6	Magnetic Field Strength (100X) (T) Run #6	Position (m) Run #7	Magnetic Field Strength (100X) (T) Run #7
0.0000	9.8E-6	0.0000	1.1E-5	0.0000	7.4E-6	0.0000	8.9E-6	0.0000	1.1E-5	0.0000	8.5E-6	1.9725E-5	1.2E-5
0.0000	1.0E-5	0.0000	1.1E-5	0.0000	7.4E-6	0.0000	8.4E-6	0.0000	1.0E-5	0.0000	8.5E-6	-3.9450E-5	1.2E-5
0.0000	1.1E-5	0.0000	1.1E-5	0.0000	7.5E-6	0.0000	8.1E-6	0.0000	1.0E-5	0.0000	8.6E-6	-3.9450E-5	1.2E-5
1.9725E-5	1.1E-5	0.0000	1.1E-5	0.0000	7.5E-6	0.0000	7.9E-6	0.0000	9.9E-6	0.0000	8.7E-6	-3.9450E-5	1.1E-5
1.9725E-5	1.1E-5	0.0000	1.1E-5	-1.9725E-5	7.3E-6	0.0000	7.8E-6	0.0000	9.6E-6	0.0000	8.9E-6	-1.9725E-5	1.1E-5
1.9725E-5	1.1E-5	0.0000	1.1E-5	-1.9725E-5	7.2E-6	0.0000	7.9E-6	0.0000	9.3E-6	0.0000	9.0E-6	-6.7763E-21	1.1E-5
1.9725E-5	1.2E-5	0.0000	1.1E-5	-1.9725E-5	7.1E-6	-5.9175E-5	7.9E-6	0.0000	9.1E-6	-1.9725E-5	9.1E-6	1.9725E-5	1.1E-5
1.9725E-5	1.2E-5	0.0000	1.1E-5	0.0000	7.0E-6	-5.9175E-5	8.0E-6	0.0000	9.0E-6	-3.9450E-5	9.3E-6	1.9725E-5	1.1E-5
1.9725E-5	1.2E-5	1.9725E-5	1.2E-5	0.0000	6.8E-6	-5.9175E-5	8.1E-6	0.0000	9.0E-6	-5.9175E-5	9.5E-6	1.9725E-5	1.1E-5
0.0000	1.2E-5	1.9725E-5	1.2E-5	0.0000	6.7E-6	-5.9175E-5	8.2E-6	0.0000	8.9E-6	-5.9175E-5	9.6E-6	1.9725E-5	1.1E-5
-1.9725E-5	1.2E-5	1.9725E-5	1.2E-5	0.0000	6.6E-6	-5.9175E-5	8.4E-6	0.0000	8.8E-6	-5.9175E-5	9.7E-6	-6.7763E-21	1.1E-5
0.0000	1.2E-5	1.9725E-5	1.2E-5	3.9450E-5	6.5E-6	-3.9450E-5	8.6E-6	1.9725E-5	9.0E-6	-5.9175E-5	9.8E-6	-1.9725E-5	1.1E-5
0.0000	1.2E-5	3.9450E-5	1.2E-5	5.9175E-5	6.5E-6	-3.9450E-5	8.8E-6	1.9725E-5	9.2E-6	-5.9175E-5	9.8E-6	-1.9725E-5	1.1E-5
0.0000	1.2E-5	5.9175E-5	1.1E-5	5.9175E-5	6.5E-6	-1.9725E-5	9.0E-6	1.9725E-5	9.3E-6	-3.9450E-5	9.9E-6	-1.9725E-5	1.1E-5
0.0000	1.2E-5	7.8900E-5	1.1E-5	5.9175E-5	6.4E-6	-6.7763E-21	9.2E-6	3.9450E-5	9.5E-6	-3.9450E-5	9.9E-6	-1.9725E-5	1.1E-5
0.0000	1.2E-5	7.8900E-5	1.1E-5	7.8900E-5	6.5E-6	1.9725E-5	9.4E-6	3.9450E-5	9.5E-6	-3.9450E-5	9.9E-6	-6.7763E-21	1.1E-5
0.0000	1.2E-5	7.8900E-5	1.1E-5	1.5780E-4	6.7E-6	1.9725E-5	9.5E-6	3.9450E-5	9.4E-6	-3.9450E-5	9.8E-6	-6.7763E-21	1.1E-5
0.0000	1.1E-5	9.8625E-5	1.1E-5	2.7615E-4	7.0E-6	1.9725E-5	9.7E-6	3.9450E-5	9.2E-6	-3.9450E-5	9.7E-6	-6.7763E-21	1.1E-5
0.0000	1.1E-5	2.1697E-4	1.1E-5	3.7477E-4	7.3E-6	3.9450E-5	1.0E-5	3.9450E-5	9.1E-6	-3.9450E-5	9.5E-6	1.9725E-5	1.1E-5
1.9725E-5	1.1E-5	3.3533E-4	1.1E-5	4.3395E-4	7.4E-6	3.9450E-5	1.0E-5	5.9175E-5	9.1E-6	-3.9450E-5	9.4E-6	3.9450E-5	1.1E-5
1.9725E-5	1.1E-5	4.3395E-4	1.1E-5	5.3258E-4	7.4E-6	3.9450E-5	1.0E-5	1.1835E-4	9.0E-6	-1.9725E-5	9.4E-6	5.9175E-5	1.0E-5
1.9725E-5	1.0E-5	4.9312E-4	1.1E-5	6.3120E-4	7.4E-6	5.9175E-5	1.1E-5	1.9725E-4	9.0E-6	-1.9725E-5	9.3E-6	7.8900E-5	1.0E-5
1.9725E-5	1.0E-5	5.3258E-4	1.0E-5	7.4955E-4	7.3E-6	5.9175E-5	1.1E-5	2.9587E-4	9.1E-6	-1.9725E-5	9.2E-6	1.9725E-4	1.0E-5
1.9725E-5	1.0E-5	5.9175E-4	1.0E-5	8.4817E-4	7.3E-6	1.5780E-4	1.1E-5	4.1422E-4	9.3E-6	-1.9725E-5	9.3E-6	2.7615E-4	1.0E-5
0.0000	1.0E-5	6.9037E-4	1.0E-5	9.6653E-4	7.4E-6	2.5643E-4	1.1E-5	5.3258E-4	9.5E-6	-1.9725E-5	9.5E-6	3.7477E-4	1.0E-5
0.0000	1.0E-5	8.2845E-4	9.8E-6	0.0011	7.5E-6	3.5505E-4	1.1E-5	6.5092E-4	9.6E-6	-1.9725E-5	9.7E-6	4.7340E-4	1.0E-5
0.0000	1.0E-5	9.6652E-4	9.6E-6	0.0012	7.7E-6	4.3395E-4	1.1E-5	8.0872E-4	9.6E-6	0.0000	9.9E-6	5.3257E-4	1.0E-5
1.9725E-5	1.0E-5	0.0011	9.4E-6	0.0014	7.8E-6	5.1285E-4	1.1E-5	9.6653E-4	9.5E-6	0.0000	1.0E-5	6.3120E-4	1.0E-5
1.9725E-5	1.0E-5	0.0012	9.2E-6	0.0015	8.0E-6	6.3120E-4	1.0E-5	0.0011	9.4E-6	0.0000	1.0E-5	7.2982E-4	1.0E-5
1.9725E-5	9.9E-6	0.0013	9.0E-6	0.0017	8.2E-6	7.2982E-4	1.0E-5	0.0013	9.3E-6	1.9725E-5	1.0E-5	8.4817E-4	1.0E-5
3.9450E-5	9.6E-6	0.0015	9.0E-6	0.0019	8.2E-6	8.6790E-4	1.0E-5	0.0015	9.2E-6	3.9450E-5	1.0E-5	9.8625E-4	1.1E-5
3.9450E-5	9.3E-6	0.0016	9.0E-6	0.0020	8.3E-6	0.0010	1.0E-5	0.0017	9.2E-6	5.9175E-5	1.0E-5	0.0011	1.1E-5
5.9175E-5	9.1E-6	0.0018	9.2E-6	0.0022	8.3E-6	0.0012	1.0E-5	0.0019	9.1E-6	1.5780E-4	1.1E-5	0.0013	1.1E-5
5.9175E-5	8.9E-6	0.0020	9.4E-6	0.0024	8.4E-6	0.0014	1.0E-5	0.0021	9.1E-6	2.7615E-4	1.1E-5	0.0015	1.1E-5
7.8900E-5	9.0E-6	0.0022	9.6E-6	0.0026	8.5E-6	0.0016	1.0E-5	0.0023	9.2E-6	4.3395E-4	1.1E-5	0.0016	1.1E-5
7.8900E-5	9.2E-6	0.0023	9.6E-6	0.0028	8.6E-6	0.0017	1.0E-5	0.0025	9.5E-6	6.1148E-4	1.1E-5	0.0018	1.1E-5
1.9725E-4	9.4E-6	0.0025	9.6E-6	0.0029	8.7E-6	0.0019	1.0E-5	0.0027	9.6E-6	7.8900E-4	1.1E-5	0.0019	1.1E-5
2.5643E-4	9.5E-6	0.0027	9.5E-6	0.0031	8.8E-6	0.0021	1.0E-5	0.0029	9.8E-6	0.0010	1.1E-5	0.0021	1.2E-5
3.3533E-4	9.6E-6	0.0029	9.4E-6	0.0033	8.9E-6	0.0022	1.0E-5	0.0031	9.9E-6	0.0012	1.1E-5	0.0023	1.2E-5
4.1422E-4	9.6E-6	0.0031	9.3E-6	0.0035	9.1E-6	0.0024	1.0E-5	0.0033	1.0E-5	0.0015	1.1E-5	0.0025	1.2E-5
4.7340E-4	9.6E-6	0.0033	9.2E-6	0.0038	9.3E-6	0.0025	1.0E-5	0.0036	1.0E-5	0.0018	1.1E-5	0.0027	1.2E-5
5.3258E-4	9.5E-6	0.0036	9.3E-6	0.0040	9.6E-6	0.0027	1.0E-5	0.0038	1.1E-5	0.0021	1.1E-5	0.0029	1.2E-5
5.9175E-4	9.5E-6	0.0038	9.4E-6	0.0043	9.7E-6	0.0029	1.0E-5	0.0041	1.1E-5	0.0023	1.1E-5	0.0031	1.3E-5
6.7065E-4	9.5E-6	0.0041	9.6E-6	0.0046	9.7E-6	0.0031	1.0E-5	0.0044	1.1E-5	0.0026	1.1E-5	0.0033	1.3E-5
7.4955E-4	9.5E-6	0.0044	9.8E-6	0.0049	9.7E-6	0.0033	1.1E-5	0.0046	1.2E-5	0.0029	1.1E-5	0.0036	1.3E-5
8.2845E-4	9.6E-6	0.0048	1.0E-5	0.0052	9.6E-6	0.0035	1.1E-5	0.0049	1.2E-5	0.0032	1.1E-5	0.0038	1.3E-5
9.0735E-4	9.5E-6	0.0051	9.9E-6	0.0056	9.6E-6	0.0036	1.1E-5	0.0052	1.2E-5	0.0035	1.1E-5	0.0040	1.3E-5
0.0010	9.5E-6	0.0054	9.8E-6	0.0059	9.8E-6	0.0038	1.1E-5	0.0055	1.3E-5	0.0038	1.1E-5	0.0042	1.4E-5
0.0011	9.5E-6	0.0057	9.4E-6	0.0062	1.0E-5	0.0041	1.1E-5	0.0058	1.3E-5	0.0040	1.1E-5	0.0044	1.4E-5
0.0013	9.5E-6	0.0061	9.2E-6	0.0065	1.0E-5	0.0043	1.1E-5	0.0061	1.3E-5	0.0044	1.0E-5	0.0046	1.4E-5
0.0014	9.6E-6	0.0064	9.3E-6	0.0069	1.0E-5	0.0046	1.1E-5	0.0064	1.3E-5	0.0047	1.0E-5	0.0048	1.4E-5
0.0016	9.7E-6	0.0066	9.4E-6	0.0072	1.1E-5	0.0049	1.1E-5	0.0066	1.3E-5	0.0051	1.0E-5	0.0051	1.4E-5
0.0018	9.7E-6	0.0069	9.6E-6	0.0075	1.1E-5	0.0052	1.2E-5	0.0069	1.3E-5	0.0054	1.1E-5	0.0053	1.4E-5
0.0019	9.8E-6	0.0072	9.9E-6	0.0079	1.1E-5	0.0055	1.2E-5	0.0072	1.3E-5	0.0058	1.1E-5	0.0056	1.4E-5
0.0021	9.8E-6	0.0074	1.0E-5	0.0082	1.1E-5	0.0058	1.2E-5	0.0074	1.3E-5	0.0061	1.1E-5	0.0059	1.4E-5
0.0023	9.9E-6	0.0077	1.1E-5	0.0086	1.1E-5	0.0060	1.2E-5	0.0077	1.3E-5	0.0065	1.1E-5	0.0062	1.4E-5
0.0025	9.9E-6	0.0080	1.1E-5	0.0089	1.1E-5	0.0062	1.2E-5	0.0080	1.3E-5	0.0068	1.1E-5	0.0064	1.4E-5
0.0027	9.9E-6	0.0083	1.1E-5	0.0093	1.1E-5	0.0064	1.2E-5	0.0082	1.3E-5	0.0072	1.1E-5	0.0067	1.4E-5
0.0029	9.9E-6	0.0087	1.1E-5	0.0097	1.1E-5	0.0066	1.2E-5	0.0085	1.3E-5	0.0075	1.1E-5	0.0070	1.4E-5
0.0032	1.0E-5	0.0090	1.2E-5	0.0101	1.1E-5	0.0067	1.2E-5	0.0088	1.3E-5	0.0078	1.2E-5	0.0073	1.3E-5
0.0034	1.0E-5	0.0094	1.2E-5	0.0105	1.1E-5	0.0069	1.2E-5	0.0091	1.3E-5	0.0082	1.2E-5	0.0076	1.3E-5
0.0036	1.1E-5	0.0097	1.2E-5	0.0109	1.0E-5	0.0071	1.3E-5	0.0093	1.3E-5	0.0085	1.2E-5	0.0079	1.3E-5
0.0039	1.1E-5	0.0101	1.3E-5	0.0114	1.0E-5	0.0073	1.3E-5	0.0096	1.3E-5	0.0088	1.2E-5	0.0082	1.2E-5
0.0041	1.1E-5	0.0105	1.3E-5	0.0118	1.0E-5	0.0076	1.3E-5	0.0099	1.4E-5	0.0092	1.2E-5	0.0085	1.2E-5
0.0044	1.2E-5	0.0109	1.3E-5	0.0122	9.9E-6	0.0079	1.3E-5	0.0102	1.4E-5	0.0095	1.2E-5	0.0088	1.2E-5
0.0046	1.2E-5	0.0112	1.4E-5	0.0127	1.0E-5	0.0082	1.3E-5	0.0106	1.4E-5	0.0098	1.2E-5	0.0091	1.2E-5
0.0048	1.2E-5	0.0116	1.4E-5	0.0131	1.0E-5	0.0087	1.3E-5	0.0109	1.5E-5	0.0101	1.3E-5	0.0094	1.1E-5
0.0051	1.2E-5	0.0120	1.4E-5	0.0135	1.1E-5	0.0091	1.3E-5	0.0112	1.5E-5	0.0105	1.4E-5	0.0097	1.1E-5
0.0054	1.2E-5	0.0123	1.4E-5	0.0139	1.1E-5	0.0096	1.3E-5	0.0116	1.5E-5	0.0108	1.4E-5	0.0100	1.1E-5
0.0057	1.2E-5	0.0126	1.4E-5	0.0142	1.1E-5	0.0101	1.3E-5	0.0119	1.6E-5	0.0112	1.5E-5	0.0103	1.2E-5
0.0060	1.2E-5	0.0130	1.5E-5	0.0146	1.2E-5	0.0106	1.4E-5	0.0122	1.6E-5	0.0115	1.5E-5	0.0106	1.2E-5
0.0064	1.3E-5	0.0133	1.5E-5	0.0149	1.2E-5	0.0110	1.4E-5	0.0125	1.6E-5	0.0119	1.5E-5	0.0109	1.2E-5
0.0067	1.3E-5	0.0136	1.5E-5	0.0153	1.3E-5	0.0115	1.4E-5	0.0128	1.6E-5	0.0122	1.5E-5	0.0112	1.2E-5
0.0071	1.3E-5	0.0139	1.5E-5	0.0156	1.3E-5	0.0120	1.4E-5	0.0132	1.6E-5	0.0126	1.5E-5	0.0115	1.2E-5
0.0074	1.3E-5	0.0142	1.6E-5	0.0159	1.3E-5	0.0124	1.5E-5	0.0135	1.6E-5	0.0129	1.5E-5	0.0118	1.2E-5
0.0077	1.3E-5	0.0145	1.6E-5	0.0163	1.3E-5	0.0129	1.5E-5	0.0138	1.7E-5	0.0133	1.5E-5	0.0122	1.3E-5
0.0080	1.3E-5	0.0148	1.6E-5	0.0166	1.3E-5	0.0133	1.5E-5	0.0141	1.7E-5	0.0136	1.5E-5	0.0125	1.3E-5
0.0083	1.3E-5	0.0151	1.7E-5	0.0169	1.3E-5	0.0137	1.6E-5	0.0144	1.7E-5	0.0139	1.5E-5	0.0128	1.3E-5
0.0086	1.3E-5	0.0154	1.7E-5	0.0172	1.3E-5	0.0141	1.6E-5	0.0148	1.7E-5	0.0143	1.5E-5	0.0131	1.3E-5
0.0088	1.3E-5	0.0158	1.7E-5	0.0176	1.4E-5	0.0144	1.6E-5	0.0151	1.7E-5	0.0146	1.5E-5	0.0134	1.3E-5
0.0091	1.3E-5	0.0161	1.8E-5	0.0179	1.4E-5	0.0149	1.6E-5	0.0154	1.7E-5	0.0150	1.6E-5	0.0138	1.3E-5
0.0093	1.4E-5	0.0164	1.8E-5	0.0182	1.5E-5	0.0152	1.7E-5	0.0158	1.7E-5	0.0153	1.6E-5	0.0142	1.3E-5
0.0096	1.4E-5	0.0167	1.8E-5	0.0186	1.5E-5	0.0156	1.7E-5	0.0161	1.8E-5	0.0157	1.6E-5	0.0146	1.3E-5
0.0098	1.4E-5	0.0170	1.9E-5	0.0189	1.6E-5	0.0161	1.8E-5	0.0165	1.8E-5	0.0160	1.6E-5	0.0149	1.3E-5
0.0101	1.4E-5	0.0173	1.9E-5	0.0192	1.6E-5	0.0165	1.8E-5	0.0169	1.8E-5	0.0163	1.7E-5	0.0152	1.4E-5
0.0104	1.4E-5	0.0177	1.9E-5	0.0194	1.6E-5	0.0169	1.9E-5	0.0173	1.9E-5	0.0165	1.7E-5	0.0155	1.4E-5
0.0106	1.5E-5	0.0180	1.9E-5	0.0198	1.7E-5	0.0173	1.9E-5	0.0177	2.0E-5	0.0168	1.8E-5	0.0159	1.5E-5
0.0109	1.5E-5	0.0183	1.9E-5	0.0201	1.7E-5	0.0176	1.9E-5	0.0182	2.0E-5	0.0171	1.8E-5	0.0162	1.5E-5
0.0111	1.5E-5	0.0186	1.9E-5	0.0205	1.8E-5	0.0180	1.9E-5	0.0186	2.0E-5	0.0173	1.8E-5	0.0166	1.5E-5
0.0114	1.5E-5	0.0188	2.0E-5	0.0209	1.9E-5	0.0184	2.0E-5	0.0191	2.1E-5	0.0176	1.8E-5	0.0169	1.6E-5
0.0117	1.5E-5	0.0191	2.0E-5	0.0212	1.9E-5	0.0189	2.0E-5	0.0195	2.1E-5	0.0178	1.8E-5	0.0172	1.6E-5
0.0120	1.5E-5	0.0194	2.0E-5	0.0216	2.0E-5	0.0193	2.1E-5	0.0198	2.1E-5	0.0180	1.9E-5	0.0176	1.7E-5
0.0122	1.5E-5	0.0197	2.1E-5	0.0220	2.0E-5	0.0197	2.1E-5	0.0202	2.1E-5	0.0182	1.9E-5	0.0179	1.7E-5
0.0125	1.5E-5	0.0200	2.1E-5	0.0224	2.0E-5	0.0201	2.2E-5	0.0205	2.1E-5	0.0185	1.9E-5	0.0182	1.8E-5
0.0127	1.5E-5	0.0203	2.1E-5	0.0228	2.1E-5	0.0206	2.2E-5	0.0208	2.2E-5	0.0187	1.9E-5	0.0186	1.8E-5
0.0130	1.5E-5	0.0206	2.1E-5	0.0232	2.1E-5	0.0209	2.2E-5	0.0211	2.2E-5	0.0190	2.0E-5	0.0189	1.9E-5
0.0133	1.6E-5	0.0209	2.1E-5	0.0236	2.2E-5	0.0212	2.3E-5	0.0214	2.3E-5	0.0193	2.0E-5	0.0192	1.9E-5
0.0136	1.6E-5	0.0212	2.2E-5	0.0240	2.2E-5	0.0216	2.3E-5	0.0218	2.3E-5	0.0196	1.9E-5	0.0195	2.0E-5
0.0139	1.6E-5	0.0216	2.2E-5	0.0243	2.3E-5	0.0219	2.3E-5	0.0221	2.4E-5	0.0199	1.9E-5	0.0198	2.0E-5
0.0143	1.6E-5	0.0219	2.2E-5	0.0247	2.3E-5	0.0222	2.4E-5	0.0224	2.4E-5	0.0203	1.9E-5	0.0201	2.1E-5
0.0145	1.7E-5	0.0223	2.2E-5	0.0251	2.4E-5	0.0226	2.4E-5	0.0228	2.4E-5	0.0206	1.9E-5	0.0204	2.1E-5
0.0148	1.7E-5	0.0226	2.3E-5	0.0255	2.4E-5	0.0229	2.4E-5	0.0231	2.5E-5	0.0209	1.9E-5	0.0206	2.2E-5
0.0150	1.7E-5	0.0230	2.3E-5	0.0259	2.5E-5	0.0232	2.4E-5	0.0235	2.5E-5	0.0212	1.9E-5	0.0209	2.2E-5
0.0152	1.8E-5	0.0233	2.3E-5	0.0263	2.6E-5	0.0236	2.4E-5	0.0238	2.6E-5	0.0216	2.0E-5	0.0212	2.2E-5
0.0154	1.8E-5	0.0237	2.3E-5	0.0267	2.6E-5	0.0239	2.4E-5	0.0241	2.6E-5	0.0219	2.0E-5	0.0214	2.3E-5
0.0156	1.8E-5	0.0241	2.3E-5	0.0272	2.7E-5	0.0242	2.4E-5	0.0245	2.7E-5	0.0223	2.1E-5	0.0217	2.3E-5
0.0159	1.8E-5	0.0245	2.4E-5	0.0276	2.8E-5	0.0246	2.5E-5	0.0248	2.7E-5	0.0226	2.2E-5	0.0220	2.3E-5
0.0161	1.8E-5	0.0249	2.4E-5	0.0280	2.9E-5	0.0249	2.5E-5	0.0252	2.8E-5	0.0230	2.3E-5	0.0223	2.4E-5
0.0163	1.8E-5	0.0253	2.5E-5	0.0285	2.9E-5	0.0252	2.6E-5	0.0256	2.9E-5	0.0234	2.4E-5	0.0226	2.4E-5
0.0166	1.9E-5	0.0257	2.5E-5	0.0290	3.0E-5	0.0255	2.7E-5	0.0259	2.9E-5	0.0237	2.4E-5	0.0229	2.5E-5
0.0168	1.9E-5	0.0261	2.6E-5	0.0295	3.1E-5	0.0258	2.7E-5	0.0262	3.0E-5	0.0241	2.5E-5	0.0233	2.5E-5
0.0171	1.9E-5	0.0265	2.6E-5	0.0299	3.2E-5	0.0261	2.8E-5	0.0266	3.0E-5	0.0246	2.6E-5	0.0236	2.6E-5
0.0174	1.9E-5	0.0269	2.7E-5	0.0304	3.3E-5	0.0264	2.8E-5	0.0269	3.1E-5	0.0250	2.6E-5	0.0239	2.6E-5
0.0177	1.9E-5	0.0273	2.8E-5	0.0308	3.3E-5	0.0267	2.9E-5	0.0273	3.1E-5	0.0253	2.6E-5	0.0243	2.6E-5
0.0180	1.9E-5	0.0277	2.8E-5	0.0312	3.4E-5	0.0270	2.9E-5	0.0276	3.2E-5	0.0257	2.7E-5	0.0247	2.7E-5
0.0183	1.9E-5	0.0281	2.9E-5	0.0316	3.5E-5	0.0273	2.9E-5	0.0280	3.2E-5	0.0261	2.7E-5	0.0250	2.7E-5
0.0186	1.9E-5	0.0285	3.0E-5	0.0321	3.6E-5	0.0276	3.0E-5	0.0284	3.3E-5	0.0265	2.7E-5	0.0254	2.7E-5
0.0190	1.9E-5	0.0289	3.0E-5	0.0324	3.6E-5	0.0280	3.0E-5	0.0287	3.4E-5	0.0268	2.8E-5	0.0257	2.8E-5
0.0194	2.0E-5	0.0292	3.1E-5	0.0328	3.7E-5	0.0282	3.0E-5	0.0291	3.4E-5	0.0272	2.8E-5	0.0261	2.8E-5
0.0197	2.0E-5	0.0296	3.2E-5	0.0332	3.8E-5	0.0285	3.1E-5	0.0294	3.5E-5	0.0275	2.9E-5	0.0264	2.8E-5
0.0201	2.0E-5	0.0299	3.2E-5	0.0335	3.8E-5	0.0288	3.1E-5	0.0298	3.5E-5	0.0278	2.9E-5	0.0267	2.9E-5
0.0205	2.1E-5	0.0303	3.3E-5	0.0339	3.9E-5	0.0291	3.2E-5	0.0301	3.6E-5	0.0282	3.0E-5	0.0271	2.9E-5
0.0208	2.1E-5	0.0306	3.3E-5	0.0343	4.0E-5	0.0294	3.2E-5	0.0304	3.6E-5	0.0285	3.0E-5	0.0274	2.9E-5
0.0211	2.1E-5	0.0310	3.4E-5	0.0348	4.1E-5	0.0297	3.3E-5	0.0308	3.7E-5	0.0289	3.1E-5	0.0278	3.0E-5
0.0215	2.2E-5	0.0313	3.4E-5	0.0352	4.2E-5	0.0300	3.3E-5	0.0311	3.8E-5	0.0293	3.2E-5	0.0282	3.1E-5
0.0218	2.2E-5	0.0317	3.5E-5	0.0357	4.3E-5	0.0303	3.4E-5	0.0314	3.8E-5	0.0296	3.2E-5	0.0286	3.1E-5
0.0221	2.3E-5	0.0321	3.6E-5	0.0362	4.4E-5	0.0306	3.4E-5	0.0318	3.9E-5	0.0300	3.3E-5	0.0289	3.2E-5
0.0223	2.3E-5	0.0325	3.7E-5	0.0366	4.4E-5	0.0309	3.5E-5	0.0321	4.0E-5	0.0304	3.3E-5	0.0292	3.2E-5
0.0226	2.4E-5	0.0329	3.7E-5	0.0369	4.5E-5	0.0312	3.6E-5	0.0325	4.0E-5	0.0307	3.4E-5	0.0295	3.2E-5
0.0229	2.4E-5	0.0333	3.8E-5	0.0372	4.6E-5	0.0315	3.6E-5	0.0329	4.1E-5	0.0310	3.4E-5	0.0298	3.3E-5
0.0231	2.5E-5	0.0338	3.9E-5	0.0376	4.7E-5	0.0318	3.7E-5	0.0333	4.2E-5	0.0313	3.5E-5	0.0302	3.3E-5
0.0234	2.5E-5	0.0342	4.0E-5	0.0380	4.9E-5	0.0322	3.8E-5	0.0338	4.3E-5	0.0316	3.6E-5	0.0306	3.4E-5
0.0236	2.6E-5	0.0346	4.1E-5	0.0385	5.0E-5	0.0325	3.9E-5	0.0342	4.4E-5	0.0320	3.7E-5	0.0309	3.5E-5
0.0239	2.6E-5	0.0351	4.2E-5	0.0390	5.1E-5	0.0329	3.9E-5	0.0347	4.5E-5	0.0323	3.7E-5	0.0314	3.5E-5
0.0242	2.6E-5	0.0355	4.3E-5	0.0395	5.2E-5	0.0332	4.0E-5	0.0351	4.6E-5	0.0327	3.8E-5	0.0319	3.6E-5
0.0245	2.7E-5	0.0360	4.4E-5	0.0400	5.3E-5	0.0336	4.1E-5	0.0354	4.7E-5	0.0332	3.9E-5	0.0323	3.7E-5
0.0248	2.7E-5	0.0364	4.5E-5	0.0405	5.4E-5	0.0339	4.2E-5	0.0357	4.8E-5	0.0336	4.0E-5	0.0327	3.8E-5
0.0251	2.8E-5	0.0368	4.6E-5	0.0410	5.6E-5	0.0343	4.3E-5	0.0360	4.8E-5	0.0340	4.0E-5	0.0332	3.8E-5
0.0254	2.8E-5	0.0373	4.6E-5	0.0416	5.7E-5	0.0347	4.4E-5	0.0364	4.9E-5	0.0345	4.1E-5	0.0336	3.9E-5
0.0257	2.8E-5	0.0377	4.7E-5	0.0421	5.8E-5	0.0350	4.5E-5	0.0367	5.0E-5	0.0349	4.2E-5	0.0341	4.0E-5
0.0260	2.9E-5	0.0382	4.8E-5	0.0427	5.9E-5	0.0354	4.6E-5	0.0371	5.0E-5	0.0354	4.2E-5	0.0346	4.0E-5
0.0264	2.9E-5	0.0387	4.9E-5	0.0432	6.1E-5	0.0357	4.7E-5	0.0375	5.1E-5	0.0359	4.3E-5	0.0350	4.1E-5
0.0267	2.9E-5	0.0392	5.0E-5	0.0438	6.2E-5	0.0360	4.8E-5	0.0379	5.2E-5	0.0363	4.4E-5	0.0355	4.2E-5
0.0271	3.0E-5	0.0397	5.1E-5	0.0443	6.4E-5	0.0363	4.9E-5	0.0383	5.3E-5	0.0368	4.5E-5	0.0359	4.3E-5
0.0274	3.0E-5	0.0402	5.2E-5	0.0448	6.5E-5	0.0366	4.9E-5	0.0387	5.4E-5	0.0372	4.6E-5	0.0363	4.4E-5
0.0279	3.1E-5	0.0407	5.4E-5	0.0453	6.6E-5	0.0370	5.0E-5	0.0391	5.4E-5	0.0377	4.7E-5	0.0366	4.6E-5
0.0282	3.1E-5	0.0411	5.5E-5	0.0459	6.8E-5	0.0374	5.0E-5	0.0396	5.5E-5	0.0382	4.9E-5	0.0370	4.7E-5
0.0286	3.1E-5	0.0416	5.6E-5	0.0464	6.9E-5	0.0378	5.1E-5	0.0400	5.6E-5	0.0387	5.0E-5	0.0374	4.8E-5
0.0290	3.2E-5	0.0421	5.7E-5	0.0468	7.1E-5	0.0382	5.1E-5	0.0404	5.7E-5	0.0392	5.1E-5	0.0379	4.9E-5
0.0294	3.2E-5	0.0425	5.9E-5	0.0473	7.2E-5	0.0387	5.2E-5	0.0409	5.9E-5	0.0397	5.2E-5	0.0383	5.0E-5
0.0297	3.2E-5	0.0430	6.0E-5	0.0477	7.3E-5	0.0391	5.3E-5	0.0413	6.0E-5	0.0402	5.4E-5	0.0387	5.1E-5
0.0301	3.3E-5	0.0434	6.1E-5	0.0481	7.5E-5	0.0395	5.4E-5	0.0417	6.1E-5	0.0407	5.5E-5	0.0392	5.2E-5
0.0305	3.3E-5	0.0439	6.2E-5	0.0486	7.6E-5	0.0399	5.5E-5	0.0421	6.2E-5	0.0412	5.6E-5	0.0396	5.3E-5
0.0309	3.4E-5	0.0443	6.3E-5	0.0490	7.7E-5	0.0403	5.6E-5	0.0425	6.3E-5	0.0417	5.7E-5	0.0401	5.4E-5
0.0313	3.4E-5	0.0448	6.4E-5	0.0494	7.9E-5	0.0407	5.8E-5	0.0429	6.5E-5	0.0422	5.8E-5	0.0406	5.5E-5
0.0317	3.5E-5	0.0453	6.5E-5	0.0498	8.0E-5	0.0411	5.9E-5	0.0434	6.6E-5	0.0426	6.0E-5	0.0410	5.6E-5
0.0321	3.6E-5	0.0457	6.6E-5	0.0503	8.1E-5	0.0415	5.9E-5	0.0438	6.7E-5	0.0431	6.1E-5	0.0415	5.7E-5
0.0325	3.6E-5	0.0462	6.8E-5	0.0507	8.2E-5	0.0418	6.0E-5	0.0442	6.8E-5	0.0435	6.2E-5	0.0419	5.8E-5
0.0330	3.7E-5	0.0466	6.9E-5	0.0511	8.3E-5	0.0422	6.1E-5	0.0446	6.9E-5	0.0439	6.3E-5	0.0423	5.9E-5
0.0334	3.8E-5	0.0471	7.0E-5	0.0514	8.5E-5	0.0426	6.2E-5	0.0450	7.0E-5	0.0443	6.4E-5	0.0428	6.0E-5
0.0337	3.9E-5	0.0476	7.2E-5	0.0518	8.6E-5	0.0429	6.3E-5	0.0454	7.1E-5	0.0447	6.6E-5	0.0432	6.2E-5
0.0341	4.0E-5	0.0480	7.3E-5	0.0521	8.7E-5	0.0433	6.4E-5	0.0458	7.2E-5	0.0451	6.7E-5	0.0436	6.3E-5
0.0345	4.1E-5	0.0484	7.4E-5	0.0524	8.8E-5	0.0437	6.5E-5	0.0461	7.4E-5	0.0455	6.8E-5	0.0439	6.4E-5
0.0349	4.2E-5	0.0488	7.5E-5	0.0527	8.8E-5	0.0441	6.7E-5	0.0464	7.5E-5	0.0458	6.9E-5	0.0443	6.5E-5
0.0352	4.3E-5	0.0492	7.6E-5	0.0532	8.9E-5	0.0445	6.8E-5	0.0468	7.6E-5	0.0461	7.1E-5	0.0446	6.6E-5
0.0356	4.4E-5	0.0495	7.8E-5	0.0536	9.0E-5	0.0450	6.9E-5	0.0471	7.8E-5	0.0464	7.2E-5	0.0449	6.7E-5
0.0359	4.5E-5	0.0498	7.9E-5	0.0541	9.1E-5	0.0454	7.0E-5	0.0475	7.9E-5	0.0467	7.3E-5	0.0452	6.8E-5
0.0363	4.6E-5	0.0501	8.0E-5	0.0545	9.2E-5	0.0458	7.1E-5	0.0478	8.0E-5	0.0471	7.4E-5	0.0456	6.9E-5
0.0366	4.7E-5	0.0504	8.1E-5	0.0550	9.3E-5	0.0462	7.2E-5	0.0481	8.1E-5	0.0475	7.5E-5	0.0459	7.0E-5
0.0369	4.8E-5	0.0508	8.2E-5	0.0555	9.3E-5	0.0466	7.3E-5	0.0485	8.2E-5	0.0479	7.6E-5	0.0463	7.1E-5
0.0373	4.8E-5	0.0512	8.3E-5	0.0560	9.4E-5	0.0470	7.4E-5	0.0489	8.3E-5	0.0483	7.7E-5	0.0466	7.3E-5
0.0376	4.9E-5	0.0517	8.3E-5	0.0565	9.5E-5	0.0473	7.5E-5	0.0494	8.4E-5	0.0487	7.8E-5	0.0469	7.4E-5
0.0379	5.0E-5	0.0521	8.4E-5	0.0570	9.5E-5	0.0477	7.6E-5	0.0498	8.5E-5	0.0491	7.9E-5	0.0473	7.5E-5
0.0383	5.1E-5	0.0525	8.5E-5	0.0576	9.6E-5	0.0480	7.7E-5	0.0503	8.6E-5	0.0495	8.0E-5	0.0476	7.6E-5
0.0386	5.1E-5	0.0528	8.6E-5	0.0581	9.6E-5	0.0483	7.8E-5	0.0508	8.7E-5	0.0499	8.1E-5	0.0480	7.7E-5
0.0390	5.2E-5	0.0532	8.6E-5	0.0586	9.7E-5	0.0486	7.9E-5	0.0513	8.8E-5	0.0504	8.2E-5	0.0483	7.8E-5
0.0393	5.3E-5	0.0536	8.7E-5	0.0591	9.7E-5	0.0488	8.0E-5	0.0518	8.9E-5	0.0509	8.3E-5	0.0486	7.9E-5
0.0397	5.3E-5	0.0539	8.8E-5	0.0596	9.7E-5	0.0491	8.0E-5	0.0523	8.9E-5	0.0513	8.3E-5	0.0490	8.0E-5
0.0400	5.4E-5	0.0543	8.9E-5	0.0600	9.7E-5	0.0495	8.1E-5	0.0528	9.0E-5	0.0518	8.4E-5	0.0493	8.1E-5
0.0404	5.5E-5	0.0546	9.0E-5	0.0605	9.7E-5	0.0498	8.2E-5	0.0532	9.1E-5	0.0522	8.5E-5	0.0496	8.2E-5
0.0407	5.5E-5	0.0549	9.0E-5	0.0610	9.7E-5	0.0502	8.3E-5	0.0537	9.2E-5	0.0527	8.6E-5	0.0499	8.3E-5
0.0410	5.6E-5	0.0553	9.1E-5	0.0614	9.7E-5	0.0505	8.3E-5	0.0541	9.3E-5	0.0531	8.7E-5	0.0502	8.4E-5
0.0413	5.7E-5	0.0557	9.2E-5	0.0619	9.7E-5	0.0509	8.4E-5	0.0545	9.4E-5	0.0536	8.8E-5	0.0506	8.5E-5
0.0417	5.8E-5	0.0560	9.3E-5	0.0624	9.7E-5	0.0513	8.5E-5	0.0550	9.5E-5	0.0540	8.9E-5	0.0509	8.6E-5
0.0420	5.9E-5	0.0564	9.3E-5	0.0628	9.7E-5	0.0516	8.6E-5	0.0554	9.6E-5	0.0545	9.0E-5	0.0512	8.6E-5
0.0423	6.0E-5	0.0567	9.4E-5	0.0633	9.7E-5	0.0520	8.7E-5	0.0559	9.7E-5	0.0549	9.1E-5	0.0515	8.7E-5
0.0426	6.1E-5	0.0571	9.4E-5	0.0637	9.6E-5	0.0523	8.7E-5	0.0563	9.7E-5	0.0553	9.2E-5	0.0519	8.7E-5
0.0428	6.2E-5	0.0575	9.4E-5	0.0642	9.6E-5	0.0526	8.8E-5	0.0567	9.8E-5	0.0557	9.3E-5	0.0522	8.7E-5
0.0431	6.3E-5	0.0580	9.5E-5	0.0646	9.5E-5	0.0530	8.9E-5	0.0572	9.8E-5	0.0561	9.4E-5	0.0526	8.8E-5
0.0435	6.3E-5	0.0584	9.5E-5	0.0650	9.5E-5	0.0533	9.0E-5	0.0577	9.9E-5	0.0565	9.4E-5	0.0529	8.9E-5
0.0438	6.4E-5	0.0588	9.5E-5	0.0654	9.4E-5	0.0536	9.0E-5	0.0581	9.9E-5	0.0568	9.5E-5	0.0533	8.9E-5
0.0442	6.5E-5	0.0593	9.5E-5	0.0658	9.4E-5	0.0540	9.1E-5	0.0585	1.0E-4	0.0572	9.5E-5	0.0536	9.0E-5
0.0446	6.6E-5	0.0597	9.6E-5	0.0662	9.3E-5	0.0543	9.2E-5	0.0589	1.0E-4	0.0576	9.5E-5	0.0540	9.1E-5
0.0450	6.7E-5	0.0601	9.6E-5	0.0665	9.2E-5	0.0547	9.2E-5	0.0593	1.0E-4	0.0580	9.6E-5	0.0543	9.1E-5
0.0454	6.8E-5	0.0606	9.6E-5	0.0668	9.2E-5	0.0550	9.3E-5	0.0597	1.0E-4	0.0584	9.6E-5	0.0547	9.2E-5
0.0458	6.9E-5	0.0611	9.6E-5	0.0671	9.1E-5	0.0554	9.3E-5	0.0601	1.0E-4	0.0587	9.6E-5	0.0551	9.2E-5
0.0463	7.0E-5	0.0616	9.7E-5	0.0674	9.0E-5	0.0558	9.4E-5	0.0605	1.0E-4	0.0591	9.6E-5	0.0554	9.3E-5
0.0466	7.1E-5	0.0621	9.7E-5	0.0678	9.0E-5	0.0561	9.4E-5	0.0609	1.0E-4	0.0595	9.6E-5	0.0558	9.4E-5
0.0470	7.2E-5	0.0626	9.6E-5	0.0682	8.9E-5	0.0565	9.5E-5	0.0613	1.0E-4	0.0599	9.6E-5	0.0562	9.4E-5
0.0474	7.3E-5	0.0631	9.6E-5	0.0687	8.8E-5	0.0569	9.5E-5	0.0617	1.0E-4	0.0604	9.7E-5	0.0566	9.5E-5
0.0478	7.4E-5	0.0636	9.6E-5	0.0692	8.8E-5	0.0573	9.5E-5	0.0621	9.9E-5	0.0608	9.7E-5	0.0570	9.5E-5
0.0482	7.5E-5	0.0640	9.6E-5	0.0696	8.7E-5	0.0577	9.6E-5	0.0625	9.9E-5	0.0612	9.7E-5	0.0574	9.5E-5
0.0486	7.6E-5	0.0645	9.6E-5	0.0700	8.7E-5	0.0581	9.6E-5	0.0628	9.8E-5	0.0616	9.6E-5	0.0577	9.5E-5
0.0490	7.7E-5	0.0649	9.5E-5	0.0703	8.6E-5	0.0585	9.6E-5	0.0632	9.8E-5	0.0620	9.6E-5	0.0581	9.6E-5
0.0494	7.8E-5	0.0653	9.5E-5	0.0708	8.5E-5	0.0590	9.6E-5	0.0636	9.7E-5	0.0624	9.6E-5	0.0584	9.6E-5
0.0498	8.0E-5	0.0657	9.4E-5	0.0713	8.4E-5	0.0594	9.6E-5	0.0640	9.7E-5	0.0628	9.6E-5	0.0588	9.6E-5
0.0502	8.1E-5	0.0661	9.4E-5	0.0718	8.3E-5	0.0599	9.6E-5	0.0644	9.6E-5	0.0632	9.6E-5	0.0593	9.7E-5
0.0506	8.2E-5	0.0665	9.3E-5	0.0724	8.2E-5	0.0603	9.6E-5	0.0648	9.5E-5	0.0637	9.6E-5	0.0597	9.7E-5
0.0510	8.3E-5	0.0668	9.2E-5	0.0729	8.1E-5	0.0608	9.6E-5	0.0653	9.5E-5	0.0642	9.5E-5	0.0602	9.7E-5
0.0514	8.4E-5	0.0672	9.2E-5	0.0735	7.9E-5	0.0613	9.6E-5	0.0658	9.3E-5	0.0646	9.5E-5	0.0607	9.7E-5
0.0518	8.5E-5	0.0675	9.1E-5	0.0741	7.8E-5	0.0617	9.6E-5	0.0664	9.2E-5	0.0650	9.5E-5	0.0612	9.7E-5
0.0522	8.6E-5	0.0679	9.0E-5	0.0747	7.7E-5	0.0622	9.5E-5	0.0669	9.1E-5	0.0654	9.4E-5	0.0617	9.6E-5
0.0526	8.7E-5	0.0682	9.0E-5	0.0753	7.5E-5	0.0626	9.5E-5	0.0674	9.1E-5	0.0658	9.4E-5	0.0621	9.6E-5
0.0529	8.8E-5	0.0686	8.9E-5	0.0760	7.4E-5	0.0630	9.5E-5	0.0679	9.0E-5	0.0662	9.3E-5	0.0626	9.6E-5
0.0533	8.9E-5	0.0691	8.9E-5	0.0766	7.2E-5	0.0634	9.4E-5	0.0684	8.9E-5	0.0666	9.2E-5	0.0630	9.5E-5
0.0536	9.0E-5	0.0695	8.8E-5	0.0772	7.0E-5	0.0638	9.4E-5	0.0688	8.8E-5	0.0671	9.2E-5	0.0635	9.5E-5
0.0539	9.0E-5	0.0700	8.7E-5	0.0779	6.9E-5	0.0642	9.4E-5	0.0693	8.6E-5	0.0675	9.1E-5	0.0639	9.4E-5
0.0543	9.1E-5	0.0705	8.6E-5	0.0784	6.7E-5	0.0646	9.3E-5	0.0698	8.5E-5	0.0680	9.0E-5	0.0643	9.4E-5
0.0546	9.1E-5	0.0709	8.5E-5	0.0790	6.5E-5	0.0650	9.3E-5	0.0703	8.4E-5	0.0684	8.9E-5	0.0647	9.3E-5
0.0549	9.2E-5	0.0714	8.4E-5	0.0796	6.4E-5	0.0654	9.2E-5	0.0709	8.3E-5	0.0689	8.9E-5	0.0651	9.3E-5
0.0552	9.3E-5	0.0718	8.3E-5	0.0801	6.2E-5	0.0658	9.2E-5	0.0714	8.2E-5	0.0693	8.8E-5	0.0655	9.2E-5
0.0555	9.3E-5	0.0723	8.2E-5	0.0807	6.0E-5	0.0662	9.1E-5	0.0719	8.1E-5	0.0697	8.7E-5	0.0659	9.2E-5
0.0558	9.4E-5	0.0728	8.1E-5	0.0812	5.8E-5	0.0666	9.0E-5	0.0724	8.0E-5	0.0702	8.6E-5	0.0663	9.1E-5
0.0560	9.4E-5	0.0732	7.9E-5	0.0817	5.6E-5	0.0669	9.0E-5	0.0729	7.9E-5	0.0706	8.4E-5	0.0667	9.1E-5
0.0563	9.5E-5	0.0737	7.8E-5	0.0821	5.5E-5	0.0673	8.9E-5	0.0735	7.7E-5	0.0710	8.3E-5	0.0670	9.0E-5
0.0566	9.5E-5	0.0741	7.7E-5	0.0826	5.3E-5	0.0677	8.8E-5	0.0740	7.6E-5	0.0714	8.2E-5	0.0674	8.9E-5
0.0568	9.6E-5	0.0745	7.6E-5	0.0830	5.2E-5	0.0681	8.7E-5	0.0745	7.5E-5	0.0718	8.1E-5	0.0678	8.9E-5
0.0571	9.6E-5	0.0749	7.4E-5	0.0834	5.0E-5	0.0686	8.6E-5	0.0750	7.3E-5	0.0722	8.0E-5	0.0681	8.8E-5
0.0574	9.6E-5	0.0753	7.3E-5	0.0838	4.9E-5	0.0690	8.6E-5	0.0756	7.1E-5	0.0726	7.9E-5	0.0684	8.7E-5
0.0577	9.7E-5	0.0757	7.1E-5	0.0841	4.8E-5	0.0695	8.5E-5	0.0761	7.0E-5	0.0731	7.8E-5	0.0687	8.6E-5
0.0579	9.7E-5	0.0761	7.0E-5	0.0843	4.7E-5	0.0700	8.4E-5	0.0766	6.8E-5	0.0735	7.6E-5	0.0690	8.6E-5
0.0582	9.8E-5	0.0765	6.8E-5	0.0845	4.6E-5	0.0704	8.3E-5	0.0771	6.7E-5	0.0739	7.5E-5	0.0693	8.5E-5
0.0584	9.8E-5	0.0769	6.7E-5	0.0848	4.6E-5	0.0709	8.2E-5	0.0777	6.6E-5	0.0744	7.4E-5	0.0696	8.4E-5
0.0587	9.8E-5	0.0773	6.6E-5	0.0850	4.5E-5	0.0713	8.1E-5	0.0782	6.4E-5	0.0749	7.3E-5	0.0699	8.3E-5
0.0591	9.8E-5	0.0777	6.4E-5	0.0852	4.4E-5	0.0717	8.0E-5	0.0787	6.3E-5	0.0753	7.1E-5	0.0702	8.3E-5
0.0594	9.9E-5	0.0781	6.3E-5	0.0855	4.4E-5	0.0721	7.9E-5	0.0792	6.1E-5	0.0758	7.0E-5	0.0705	8.2E-5
0.0597	9.9E-5	0.0785	6.2E-5	0.0858	4.3E-5	0.0725	7.8E-5	0.0797	6.0E-5	0.0764	6.8E-5	0.0709	8.1E-5
0.0601	9.9E-5	0.0789	6.1E-5	0.0862	4.3E-5	0.0730	7.7E-5	0.0802	5.8E-5	0.0769	6.7E-5	0.0713	8.0E-5
0.0605	9.9E-5	0.0792	6.0E-5	0.0866	4.2E-5	0.0734	7.6E-5	0.0807	5.7E-5	0.0774	6.6E-5	0.0717	7.9E-5
0.0608	9.9E-5	0.0796	5.9E-5	0.0870	4.1E-5	0.0738	7.5E-5	0.0812	5.6E-5	0.0779	6.5E-5	0.0720	7.8E-5
0.0612	9.9E-5	0.0799	5.8E-5	0.0875	4.1E-5	0.0741	7.4E-5	0.0817	5.4E-5	0.0784	6.4E-5	0.0724	7.7E-5
0.0616	1.0E-4	0.0803	5.7E-5	0.0879	4.0E-5	0.0745	7.3E-5	0.0821	5.3E-5	0.0789	6.2E-5	0.0727	7.6E-5
0.0620	1.0E-4	0.0806	5.6E-5	0.0882	3.9E-5	0.0749	7.2E-5	0.0825	5.2E-5	0.0793	6.1E-5	0.0731	7.5E-5
0.0624	9.9E-5	0.0810	5.5E-5	0.0886	3.9E-5	0.0753	7.1E-5	0.0828	5.2E-5	0.0797	6.0E-5	0.0735	7.4E-5
0.0628	9.9E-5	0.0813	5.4E-5	0.0890	3.8E-5	0.0757	7.0E-5	0.0833	5.1E-5	0.0802	5.9E-5	0.0738	7.3E-5
0.0632	9.8E-5	0.0815	5.3E-5	0.0894	3.7E-5	0.0761	6.9E-5	0.0836	5.0E-5	0.0806	5.8E-5	0.0741	7.2E-5
0.0636	9.7E-5	0.0818	5.3E-5	0.0898	3.7E-5	0.0765	6.8E-5	0.0840	4.9E-5	0.0810	5.6E-5	0.0745	7.1E-5
0.0640	9.7E-5	0.0821	5.2E-5	0.0903	3.6E-5	0.0769	6.7E-5	0.0845	4.7E-5	0.0814	5.5E-5	0.0749	7.0E-5
0.0644	9.6E-5	0.0824	5.1E-5	0.0907	3.5E-5	0.0773	6.6E-5	0.0850	4.6E-5	0.0818	5.4E-5	0.0752	6.9E-5
0.0648	9.5E-5	0.0827	5.0E-5	0.0911	3.4E-5	0.0777	6.5E-5	0.0855	4.5E-5	0.0823	5.2E-5	0.0756	6.8E-5
0.0652	9.5E-5	0.0831	4.9E-5	0.0915	3.4E-5	0.0782	6.4E-5	0.0860	4.4E-5	0.0828	5.1E-5	0.0760	6.7E-5
0.0656	9.4E-5	0.0834	4.8E-5	0.0920	3.3E-5	0.0786	6.2E-5	0.0866	4.3E-5	0.0832	5.0E-5	0.0764	6.6E-5
0.0660	9.4E-5	0.0838	4.7E-5	0.0923	3.2E-5	0.0790	6.1E-5	0.0871	4.1E-5	0.0837	4.8E-5	0.0768	6.5E-5
0.0664	9.4E-5	0.0841	4.6E-5	0.0927	3.1E-5	0.0794	6.0E-5	0.0876	4.0E-5	0.0841	4.7E-5	0.0772	6.4E-5
0.0668	9.3E-5	0.0845	4.5E-5	0.0931	3.0E-5	0.0798	5.9E-5	0.0881	3.9E-5	0.0845	4.6E-5	0.0777	6.3E-5
0.0673	9.2E-5	0.0849	4.4E-5	0.0934	2.9E-5	0.0803	5.8E-5	0.0887	3.8E-5	0.0849	4.4E-5	0.0781	6.2E-5
0.0677	9.2E-5	0.0853	4.3E-5	0.0938	2.9E-5	0.0807	5.6E-5	0.0892	3.7E-5	0.0852	4.4E-5	0.0786	6.1E-5
0.0681	9.1E-5	0.0858	4.2E-5	0.0942	2.8E-5	0.0811	5.5E-5	0.0897	3.6E-5	0.0856	4.3E-5	0.0790	6.0E-5
0.0686	9.0E-5	0.0862	4.1E-5	0.0946	2.7E-5	0.0815	5.4E-5	0.0902	3.6E-5	0.0859	4.2E-5	0.0794	5.9E-5
0.0690	9.0E-5	0.0866	4.1E-5	0.0949	2.7E-5	0.0819	5.3E-5	0.0908	3.5E-5	0.0862	4.1E-5	0.0798	5.8E-5
0.0695	8.9E-5	0.0870	4.0E-5	0.0953	2.6E-5	0.0823	5.2E-5	0.0913	3.4E-5	0.0865	4.0E-5	0.0802	5.7E-5
0.0699	8.8E-5	0.0875	4.0E-5	0.0956	2.5E-5	0.0828	5.1E-5	0.0918	3.4E-5	0.0868	3.9E-5	0.0806	5.6E-5
0.0703	8.7E-5	0.0880	3.9E-5	0.0960	2.5E-5	0.0832	5.0E-5	0.0923	3.3E-5	0.0871	3.9E-5	0.0809	5.5E-5
0.0707	8.6E-5	0.0884	3.9E-5	0.0964	2.4E-5	0.0837	4.9E-5	0.0928	3.2E-5	0.0874	3.8E-5	0.0812	5.4E-5
0.0710	8.5E-5	0.0888	3.8E-5	0.0968	2.4E-5	0.0841	4.8E-5	0.0933	3.2E-5	0.0876	3.7E-5	0.0816	5.3E-5
0.0713	8.4E-5	0.0892	3.7E-5	0.0972	2.3E-5	0.0846	4.7E-5	0.0937	3.1E-5	0.0879	3.7E-5	0.0819	5.2E-5
0.0716	8.3E-5	0.0896	3.6E-5	0.0976	2.3E-5	0.0851	4.6E-5	0.0941	3.0E-5	0.0881	3.6E-5	0.0822	5.1E-5
0.0720	8.2E-5	0.0899	3.6E-5	0.0980	2.2E-5	0.0855	4.6E-5	0.0946	2.9E-5	0.0884	3.5E-5	0.0825	5.0E-5
0.0723	8.0E-5	0.0903	3.5E-5	0.0983	2.2E-5	0.0859	4.5E-5	0.0950	2.9E-5	0.0887	3.5E-5	0.0828	4.9E-5
0.0726	7.9E-5	0.0907	3.4E-5	0.0987	2.2E-5	0.0864	4.5E-5	0.0954	2.8E-5	0.0889	3.4E-5	0.0832	4.8E-5
0.0729	7.9E-5	0.0911	3.3E-5	0.0991	2.1E-5	0.0868	4.5E-5	0.0959	2.7E-5	0.0893	3.3E-5	0.0836	4.7E-5
0.0732	7.8E-5	0.0915	3.2E-5	0.0995	2.1E-5	0.0872	4.4E-5	0.0964	2.6E-5	0.0897	3.3E-5	0.0841	4.6E-5
0.0736	7.7E-5	0.0919	3.1E-5	0.1000	2.0E-5	0.0876	4.4E-5	0.0969	2.6E-5	0.0900	3.2E-5	0.0845	4.5E-5
0.0739	7.6E-5	0.0922	3.1E-5	0.1004	1.9E-5	0.0880	4.3E-5	0.0974	2.5E-5	0.0903	3.2E-5	0.0849	4.4E-5
0.0743	7.5E-5	0.0925	3.0E-5	0.1007	1.9E-5	0.0885	4.2E-5	0.0979	2.4E-5	0.0907	3.1E-5	0.0853	4.3E-5
0.0746	7.4E-5	0.0928	2.9E-5	0.1010	1.8E-5	0.0889	4.1E-5	0.0984	2.3E-5	0.0911	3.0E-5	0.0856	4.2E-5
0.0749	7.3E-5	0.0932	2.9E-5	0.1013	1.8E-5	0.0893	4.1E-5	0.0989	2.3E-5	0.0915	3.0E-5	0.0860	4.1E-5
0.0752	7.2E-5	0.0935	2.8E-5	0.1017	1.7E-5	0.0897	4.0E-5	0.0994	2.2E-5	0.0919	2.9E-5	0.0864	4.1E-5
0.0756	7.2E-5	0.0939	2.7E-5	0.1021	1.7E-5	0.0901	3.9E-5	0.1000	2.1E-5	0.0924	2.8E-5	0.0868	4.0E-5
0.0759	7.1E-5	0.0942	2.7E-5	0.1026	1.6E-5	0.0906	3.8E-5	0.1005	2.1E-5	0.0928	2.8E-5	0.0872	3.9E-5
0.0763	7.0E-5	0.0947	2.6E-5	0.1030	1.6E-5	0.0910	3.7E-5	0.1010	2.0E-5	0.0933	2.7E-5	0.0877	3.8E-5
0.0767	6.9E-5	0.0951	2.5E-5	0.1034	1.6E-5	0.0914	3.6E-5	0.1014	2.0E-5	0.0938	2.6E-5	0.0881	3.7E-5
0.0771	6.7E-5	0.0955	2.4E-5	0.1038	1.6E-5	0.0918	3.4E-5	0.1018	2.0E-5	0.0944	2.5E-5	0.0885	3.6E-5
0.0774	6.6E-5	0.0960	2.3E-5	0.1043	1.6E-5	0.0922	3.3E-5	0.1022	1.9E-5	0.0949	2.5E-5	0.0889	3.5E-5
0.0778	6.5E-5	0.0964	2.2E-5	0.1048	1.6E-5	0.0925	3.2E-5	0.1027	1.9E-5	0.0955	2.4E-5	0.0894	3.5E-5
0.0782	6.4E-5	0.0968	2.1E-5	0.1052	1.6E-5	0.0929	3.1E-5	0.1032	1.8E-5	0.0961	2.4E-5	0.0898	3.4E-5
0.0787	6.3E-5	0.0973	2.1E-5	0.1057	1.6E-5	0.0933	3.0E-5	0.1037	1.8E-5	0.0967	2.3E-5	0.0902	3.3E-5
0.0791	6.2E-5	0.0979	2.0E-5	0.1061	1.6E-5	0.0937	2.9E-5	0.1041	1.8E-5	0.0972	2.3E-5	0.0907	3.2E-5
0.0796	6.1E-5	0.0984	1.9E-5	0.1065	1.6E-5	0.0940	2.9E-5	0.1045	1.8E-5	0.0977	2.2E-5	0.0911	3.2E-5
0.0800	6.0E-5	0.0989	1.9E-5	0.1069	1.5E-5	0.0944	2.8E-5	0.1049	1.7E-5	0.0982	2.2E-5	0.0915	3.1E-5
0.0805	5.9E-5	0.0994	1.8E-5	0.1073	1.5E-5	0.0948	2.7E-5	0.1052	1.7E-5	0.0987	2.1E-5	0.0919	3.0E-5
0.0810	5.8E-5	0.0999	1.7E-5	0.1077	1.5E-5	0.0952	2.6E-5	0.1057	1.7E-5	0.0993	2.0E-5	0.0924	3.0E-5
0.0814	5.6E-5	0.1004	1.7E-5	0.1080	1.4E-5	0.0955	2.5E-5	0.1062	1.7E-5	0.0998	2.0E-5	0.0928	2.9E-5
0.0819	5.5E-5	0.1009	1.6E-5	0.1084	1.4E-5	0.0959	2.5E-5	0.1066	1.7E-5	0.1003	1.9E-5	0.0933	2.8E-5
0.0824	5.4E-5	0.1013	1.5E-5	0.1087	1.4E-5	0.0962	2.4E-5	0.1071	1.7E-5	0.1008	1.8E-5	0.0938	2.7E-5
0.0828	5.3E-5	0.1018	1.5E-5	0.1090	1.3E-5	0.0967	2.4E-5	0.1076	1.6E-5	0.1012	1.8E-5	0.0942	2.7E-5
0.0833	5.2E-5	0.1022	1.4E-5	0.1093	1.3E-5	0.0970	2.3E-5	0.1081	1.6E-5	0.1017	1.7E-5	0.0947	2.6E-5
0.0837	5.1E-5	0.1026	1.4E-5	0.1096	1.3E-5	0.0975	2.3E-5	0.1086	1.6E-5	0.1022	1.7E-5	0.0951	2.5E-5
0.0842	5.0E-5	0.1030	1.4E-5	0.1099	1.3E-5	0.0979	2.3E-5	0.1091	1.6E-5	0.1026	1.6E-5	0.0955	2.4E-5
0.0846	4.9E-5	0.1034	1.3E-5	0.1102	1.3E-5	0.0983	2.2E-5	0.1096	1.6E-5	0.1031	1.5E-5	0.0959	2.4E-5
0.0850	4.8E-5	0.1038	1.3E-5	0.1105	1.2E-5	0.0987	2.2E-5	0.1100	1.5E-5	0.1036	1.5E-5	0.0962	2.3E-5
0.0854	4.7E-5	0.1041	1.3E-5	0.1108	1.2E-5	0.0991	2.1E-5	0.1105	1.5E-5	0.1040	1.4E-5	0.0966	2.2E-5
0.0857	4.6E-5	0.1045	1.2E-5	0.1111	1.2E-5	0.0994	2.1E-5	0.1110	1.5E-5	0.1044	1.4E-5	0.0969	2.2E-5
0.0861	4.5E-5	0.1048	1.2E-5	0.1115	1.1E-5	0.0998	2.1E-5	0.1114	1.4E-5	0.1049	1.3E-5	0.0973	2.1E-5
0.0864	4.4E-5	0.1051	1.2E-5	0.1118	1.1E-5	0.1002	2.0E-5	0.1119	1.4E-5	0.1053	1.3E-5	0.0976	2.1E-5
0.0867	4.3E-5	0.1054	1.2E-5	0.1121	1.1E-5	0.1006	2.0E-5	0.1124	1.3E-5	0.1058	1.3E-5	0.0980	2.0E-5
0.0870	4.3E-5	0.1057	1.1E-5	0.1124	1.1E-5	0.1011	1.9E-5	0.1128	1.3E-5	0.1062	1.3E-5	0.0983	2.0E-5
0.0874	4.2E-5	0.1059	1.1E-5	0.1127	1.0E-5	0.1015	1.9E-5	0.1133	1.3E-5	0.1067	1.2E-5	0.0987	1.9E-5
0.0877	4.1E-5	0.1062	1.1E-5	0.1130	9.8E-6	0.1019	1.9E-5	0.1137	1.2E-5	0.1071	1.1E-5	0.0991	1.8E-5
0.0881	4.0E-5	0.1065	1.1E-5	0.1132	9.4E-6	0.1023	1.8E-5	0.1142	1.2E-5	0.1075	1.1E-5	0.0995	1.8E-5
0.0884	3.9E-5	0.1068	1.1E-5	0.1135	9.2E-6	0.1028	1.8E-5	0.1146	1.2E-5	0.1080	1.0E-5	0.0998	1.7E-5
0.0887	3.9E-5	0.1070	1.1E-5	0.1137	8.9E-6	0.1032	1.7E-5	0.1150	1.2E-5	0.1083	9.8E-6	0.1001	1.7E-5
0.0890	3.8E-5	0.1072	1.1E-5	0.1139	8.6E-6	0.1036	1.6E-5	0.1155	1.1E-5	0.1087	9.3E-6	0.1005	1.7E-5
0.0892	3.7E-5	0.1075	1.1E-5	0.1142	8.3E-6	0.1040	1.6E-5	0.1159	1.1E-5	0.1091	9.0E-6	0.1008	1.6E-5
0.0895	3.7E-5	0.1079	1.0E-5	0.1144	8.0E-6	0.1044	1.5E-5	0.1163	1.1E-5	0.1094	8.8E-6	0.1011	1.6E-5
0.0897	3.6E-5	0.1082	1.0E-5	0.1146	7.8E-6	0.1047	1.5E-5	0.1167	1.1E-5	0.1097	8.6E-6	0.1014	1.6E-5
0.0900	3.5E-5	0.1084	9.9E-6	0.1148	7.6E-6	0.1051	1.4E-5	0.1171	1.0E-5	0.1101	8.2E-6	0.1018	1.5E-5
0.0904	3.5E-5	0.1087	9.7E-6	0.1150	7.4E-6	0.1054	1.4E-5	0.1175	1.0E-5	0.1104	7.9E-6	0.1021	1.5E-5
0.0907	3.4E-5	0.1090	9.4E-6	0.1153	7.3E-6	0.1058	1.3E-5	0.1179	9.8E-6	0.1108	7.8E-6	0.1024	1.5E-5
0.0911	3.4E-5	0.1093	9.3E-6	0.1155	7.2E-6	0.1061	1.3E-5	0.1182	9.4E-6	0.1111	7.9E-6	0.1027	1.5E-5
0.0914	3.3E-5	0.1096	9.1E-6	0.1156	7.2E-6	0.1065	1.3E-5	0.1185	9.0E-6	0.1115	8.0E-6	0.1031	1.4E-5
0.0917	3.3E-5	0.1100	9.0E-6	0.1158	7.3E-6	0.1069	1.2E-5	0.1187	8.7E-6	0.1118	8.0E-6	0.1035	1.4E-5
0.0920	3.2E-5	0.1104	8.7E-6	0.1159	7.4E-6	0.1072	1.2E-5	0.1189	8.5E-6	0.1122	7.9E-6	0.1039	1.3E-5
0.0924	3.2E-5	0.1107	8.5E-6	0.1161	7.6E-6	0.1076	1.2E-5	0.1192	8.2E-6	0.1125	7.8E-6	0.1043	1.3E-5
0.0927	3.1E-5	0.1111	8.4E-6	0.1162	7.7E-6	0.1079	1.2E-5	0.1195	8.1E-6	0.1128	7.8E-6	0.1047	1.3E-5
0.0931	3.1E-5	0.1114	8.2E-6	0.1164	7.8E-6	0.1082	1.2E-5	0.1197	8.0E-6	0.1132	7.7E-6	0.1051	1.2E-5
0.0934	3.0E-5	0.1117	8.1E-6	0.1165	7.9E-6	0.1085	1.2E-5	0.1199	7.8E-6	0.1135	7.6E-6	0.1055	1.2E-5
0.0938	3.0E-5	0.1120	8.0E-6	0.1167	7.8E-6	0.1088	1.1E-5	0.1201	7.7E-6	0.1139	7.7E-6	0.1059	1.2E-5
0.0942	2.9E-5	0.1123	7.8E-6	0.1169	7.8E-6	0.1090	1.1E-5	0.1203	7.6E-6	0.1143	7.7E-6	0.1063	1.2E-5
0.0946	2.9E-5	0.1126	7.7E-6	0.1170	7.9E-6	0.1093	1.1E-5	0.1204	7.5E-6	0.1146	7.7E-6	0.1067	1.1E-5
0.0950	2.9E-5	0.1128	7.6E-6	0.1172	7.9E-6	0.1095	1.0E-5	0.1205	7.4E-6	0.1150	7.6E-6	0.1071	1.1E-5
0.0954	2.8E-5	0.1131	7.6E-6	0.1173	8.0E-6	0.1098	1.0E-5	0.1205	7.4E-6	0.1153	7.3E-6	0.1075	1.1E-5
0.0958	2.8E-5	0.1134	7.3E-6	0.1175	8.1E-6	0.1101	9.9E-6	0.1205	7.4E-6	0.1157	7.1E-6	0.1078	1.0E-5
0.0963	2.8E-5	0.1136	7.2E-6	0.1177	8.0E-6	0.1105	9.8E-6	0.1205	7.3E-6	0.1160	6.9E-6	0.1082	1.0E-5
0.0967	2.7E-5	0.1139	7.0E-6	0.1179	8.0E-6	0.1109	9.8E-6	0.1205	7.2E-6	0.1164	6.6E-6	0.1084	1.0E-5
0.0971	2.7E-5	0.1141	6.8E-6	0.1181	7.9E-6	0.1112	9.9E-6	0.1205	7.1E-6	0.1168	6.4E-6	0.1087	9.8E-6
0.0975	2.7E-5	0.1144	6.6E-6	0.1184	7.8E-6	0.1116	9.9E-6	0.1205	6.9E-6	0.1171	6.4E-6	0.1090	9.7E-6
0.0979	2.6E-5	0.1147	6.4E-6	0.1186	7.6E-6	0.1120	9.7E-6	0.1205	6.6E-6	0.1174	6.6E-6	0.1093	9.7E-6
0.0982	2.6E-5	0.1149	6.4E-6	0.1188	7.3E-6	0.1123	9.4E-6	0.1205	6.5E-6	0.1177	6.7E-6	0.1096	9.5E-6
0.0985	2.5E-5	0.1152	6.3E-6	0.1190	7.0E-6	0.1127	9.3E-6	0.1205	6.5E-6	0.1180	6.7E-6	0.1099	9.4E-6
0.0987	2.5E-5	0.1155	6.0E-6	0.1192	6.9E-6	0.1131	9.3E-6	0.1205	6.6E-6	0.1183	6.4E-6	0.1103	9.3E-6
0.0989	2.4E-5	0.1158	5.8E-6	0.1194	6.8E-6	0.1135	9.3E-6	0.1205	6.8E-6	0.1187	6.1E-6	0.1106	9.2E-6
0.0992	2.3E-5	0.1160	5.5E-6	0.1195	6.8E-6	0.1138	9.3E-6	0.1205	6.9E-6	0.1191	5.8E-6	0.1110	9.2E-6
0.0996	2.2E-5	0.1163	5.2E-6	0.1195	7.0E-6	0.1142	9.3E-6	0.1205	6.9E-6	0.1193	5.6E-6	0.1113	9.1E-6
0.1000	2.2E-5	0.1164	5.0E-6	0.1195	7.0E-6	0.1145	9.3E-6	0.1205	6.8E-6	0.1196	5.4E-6	0.1116	9.0E-6
0.1004	2.1E-5	0.1165	5.0E-6	0.1195	7.1E-6	0.1149	9.3E-6	0.1205	6.7E-6	0.1198	5.2E-6	0.1118	9.0E-6
0.1008	2.0E-5	0.1165	4.8E-6	0.1195	7.2E-6	0.1152	9.2E-6	0.1205	6.7E-6	0.1200	5.0E-6	0.1120	8.9E-6
0.1012	2.0E-5	0.1165	4.8E-6	0.1195	7.1E-6	0.1155	9.1E-6	0.1205	6.8E-6	0.1203	4.9E-6	0.1122	8.8E-6
0.1016	1.9E-5	0.1165	4.8E-6	0.1195	7.0E-6	0.1158	8.9E-6	0.1205	7.0E-6	0.1206	4.8E-6	0.1125	8.6E-6
0.1020	1.9E-5	0.1165	4.7E-6	0.1195	6.8E-6	0.1162	8.8E-6	0.1205	7.1E-6	0.1209	4.8E-6	0.1127	8.3E-6
0.1024	1.8E-5	0.1167	4.5E-6	0.1195	6.6E-6	0.1165	8.6E-6	0.1205	7.1E-6	0.1212	4.8E-6	0.1129	8.1E-6
0.1028	1.8E-5	0.1170	4.2E-6	0.1195	6.7E-6	0.1169	8.3E-6	0.1205	7.1E-6	0.1215	4.7E-6	0.1131	7.9E-6
0.1033	1.7E-5	0.1173	3.8E-6	0.1195	6.8E-6	0.1172	8.1E-6	0.1205	6.9E-6	0.1219	4.7E-6	0.1134	7.8E-6
0.1037	1.7E-5	0.1175	3.3E-6	0.1195	7.1E-6	0.1176	7.9E-6	0.1205	6.7E-6	0.1223	4.7E-6	0.1135	7.7E-6
0.1042	1.6E-5	0.1177	2.7E-6	0.1195	7.4E-6	0.1180	7.7E-6	0.1205	6.4E-6	0.1227	4.8E-6	0.1137	7.6E-6
0.1046	1.6E-5	0.1179	2.2E-6	0.1195	7.6E-6	0.1183	7.5E-6	0.1205	6.2E-6	0.1231	4.9E-6	0.1139	7.5E-6
0.1051	1.5E-5	0.1181	1.8E-6	0.1195	7.6E-6	0.1186	7.3E-6	0.1205	6.1E-6	0.1235	5.0E-6	0.1140	7.4E-6
0.1056	1.5E-5	0.1182	1.4E-6	0.1195	7.6E-6	0.1190	7.1E-6	0.1205	6.0E-6	0.1238	5.2E-6	0.1141	7.3E-6
0.1061	1.4E-5	0.1183	1.1E-6	0.1195	7.6E-6	0.1194	6.8E-6	0.1205	5.7E-6	0.1240	5.3E-6	0.1143	7.3E-6
0.1065	1.4E-5	0.1183	8.9E-7	0.1195	7.6E-6	0.1198	6.8E-6	0.1205	5.5E-6	0.1242	5.2E-6	0.1145	7.3E-6
0.1069	1.4E-5	0.1182	7.7E-7	0.1195	7.5E-6	0.1199	6.8E-6	0.1205	5.5E-6	0.1241	5.1E-6	0.1147	7.3E-6
0.1073	1.3E-5	0.1182	7.4E-7	0.1195	7.4E-6	0.1199	6.9E-6	0.1205	5.5E-6	0.1241	4.9E-6	0.1149	7.2E-6
0.1078	1.3E-5	0.1182	6.6E-7	0.1195	7.2E-6	0.1200	6.8E-6	0.1205	5.6E-6	0.1241	4.8E-6	0.1151	7.1E-6
0.1082	1.3E-5	0.1182	6.6E-7	0.1195	7.1E-6	0.1200	6.6E-6	0.1205	5.7E-6	0.1241	4.9E-6	0.1153	7.0E-6
0.1085	1.3E-5	0.1182	8.2E-7	0.1195	7.2E-6	0.1201	6.4E-6	0.1205	5.8E-6	0.1241	5.0E-6	0.1155	7.0E-6
0.1089	1.2E-5	0.1182	1.0E-6	0.1195		0.1203	6.4E-6	0.1205	5.9E-6	0.1241	5.0E-6	0.1157	7.1E-6
0.1092	1.2E-5	0.1182	1.2E-6			0.1207	6.3E-6	0.1205	5.9E-6	0.1241	5.0E-6	0.1159	7.2E-6
0.1095	1.2E-5	0.1182	1.3E-6			0.1210	6.3E-6	0.1205	5.8E-6	0.1241	5.2E-6	0.1161	7.3E-6
0.1098	1.2E-5	0.1182	1.5E-6			0.1214	6.3E-6	0.1205	5.6E-6	0.1241	5.3E-6	0.1162	7.3E-6
0.1101	1.2E-5	0.1182	1.7E-6			0.1217	6.4E-6	0.1205	5.3E-6	0.1241	5.4E-6	0.1165	7.1E-6
0.1104	1.2E-5	0.1182	1.9E-6			0.1220	6.2E-6	0.1205	5.1E-6	0.1241	5.5E-6	0.1167	6.8E-6
0.1107	1.2E-5	0.1182	2.2E-6			0.1222	6.0E-6	0.1205	4.8E-6	0.1241	5.5E-6	0.1169	6.6E-6
0.1110	1.2E-5	0.1182	2.5E-6			0.1224	5.7E-6	0.1205	4.6E-6	0.1241	5.5E-6	0.1170	6.3E-6
0.1113	1.1E-5	0.1182	2.7E-6			0.1226	5.6E-6	0.1205	4.7E-6	0.1241	5.4E-6	0.1171	6.2E-6
0.1115	1.1E-5	0.1182	2.9E-6			0.1227	5.6E-6	0.1205	4.7E-6	0.1241	5.4E-6	0.1171	6.2E-6
0.1116	1.1E-5	0.1182	3.1E-6			0.1228	5.8E-6	0.1205	4.9E-6	0.1241	5.3E-6	0.1171	6.2E-6
0.1118	1.0E-5	0.1182	3.1E-6			0.1229	6.0E-6	0.1205	5.1E-6	0.1241	5.1E-6	0.1171	6.2E-6
0.1120	9.9E-6	0.1182	3.1E-6			0.1230	6.1E-6	0.1205	5.3E-6	0.1241	4.9E-6	0.1171	6.2E-6
0.1122	9.8E-6	0.1182	3.2E-6			0.1231	6.2E-6	0.1205	5.5E-6	0.1241	4.6E-6	0.1171	6.1E-6
0.1125	9.6E-6	0.1182	3.4E-6			0.1233	6.3E-6	0.1205	5.4E-6	0.1241	4.3E-6	0.1171	6.0E-6
0.1127	9.4E-6	0.1182	3.6E-6			0.1235	6.3E-6	0.1205	5.2E-6	0.1241	4.1E-6	0.1171	5.8E-6
0.1129	9.2E-6	0.1182	3.7E-6			0.1238	6.5E-6	0.1205	5.1E-6	0.1241	4.1E-6	0.1171	5.5E-6
0.1131	9.0E-6	0.1182	3.8E-6			0.1240	6.6E-6	0.1205	5.1E-6	0.1241	4.1E-6	0.1171	5.3E-6
0.1133	9.1E-6	0.1182	3.7E-6			0.1241	6.6E-6	0.1205	5.1E-6	0.1241	4.1E-6	0.1171	5.1E-6
0.1136	9.2E-6	0.1182	3.5E-6			0.1242	6.6E-6	0.1205		0.1241	4.0E-6	0.1171	5.0E-6
0.1139	9.3E-6	0.1182	3.3E-6			0.1244	6.4E-6			0.1241	3.9E-6	0.1171	4.9E-6
0.1141	9.4E-6	0.1182	3.1E-6			0.1244	6.2E-6			0.1241	3.7E-6	0.1171	4.8E-6
0.1144	9.4E-6	0.1182	3.1E-6			0.1245	6.0E-6			0.1241	3.5E-6	0.1171	4.8E-6
0.1146	9.4E-6	0.1182	3.1E-6			0.1245	5.9E-6			0.1241	3.3E-6	0.1171	4.7E-6
0.1148	9.2E-6	0.1182	3.1E-6			0.1245	5.7E-6			0.1241	3.2E-6	0.1171	4.6E-6
0.1151	9.2E-6	0.1182	3.1E-6			0.1245	5.7E-6			0.1241	3.2E-6	0.1171	4.6E-6
0.1153	9.3E-6	0.1182	3.2E-6			0.1245	5.8E-6			0.1241	3.2E-6	0.1171	4.6E-6
0.1155	9.3E-6	0.1182	3.4E-6			0.1245	5.8E-6			0.1241	3.1E-6	0.1171	4.6E-6
0.1157	9.3E-6	0.1182	3.6E-6			0.1245	5.9E-6			0.1241	3.2E-6	0.1171	4.7E-6
0.1159	9.2E-6	0.1182	3.8E-6			0.1245	6.0E-6			0.1241	3.5E-6	0.1171	4.9E-6
0.1161	9.3E-6	0.1182	3.9E-6			0.1245	6.1E-6			0.1241		0.1171	5.0E-6
0.1163	9.4E-6	0.1182				0.1245	6.2E-6					0.1171	5.1E-6
0.1165	9.5E-6					0.1245	6.3E-6					0.1171	5.2E-6
0.1168	9.6E-6					0.1245	6.4E-6					0.1171	5.2E-6
0.1169	9.5E-6					0.1245	6.4E-6					0.1171	5.2E-6
0.1171	9.4E-6					0.1245	6.4E-6					0.1171	5.2E-6
0.1172	9.3E-6					0.1245	6.4E-6					0.1171	5.1E-6
0.1173	9.1E-6					0.1245	6.5E-6					0.1171	
0.1173	8.9E-6					0.1245	6.5E-6						
0.1173	8.7E-6					0.1245	6.6E-6						
0.1173	8.6E-6					0.1245	6.6E-6						
0.1173	8.6E-6					0.1245	6.6E-6						
0.1173	8.5E-6					0.1245	6.6E-6						
0.1173	8.5E-6					0.1245	6.6E-6						
0.1174	8.5E-6					0.1245							
0.1175	8.5E-6												
0.1175	8.5E-6												
0.1176	8.4E-6												
0.1177	8.3E-6												
0.1178	8.1E-6												
0.1179	7.9E-6												
0.1180	7.7E-6												
0.1181	7.5E-6												
0.1183	7.3E-6												
0.1185	7.2E-6												
0.1186	7.1E-6												
0.1187	7.2E-6												
0.1189	7.3E-6												
0.1189	7.5E-6												
0.1190	7.6E-6												
0.1191	7.9E-6												
0.1192	8.0E-6												
0.1192	8.2E-6												
0.1192	8.1E-6												
0.1191	7.8E-6												
0.1191	7.6E-6												
0.1191	7.5E-6												
0.1191	7.5E-6												
0.1191	7.3E-6												
0.1191	7.1E-6												
0.1191	7.0E-6												
0.1191	7.0E-6												
0.1191	7.0E-6												
0.1191	6.9E-6												
0.1191	6.9E-6												
0.1191	6.8E-6												
0.1191	6.9E-6												
0.1191	6.9E-6												
0.1191	6.8E-6												
0.1191	6.8E-6												
0.1191	6.7E-6												
0.1191	6.7E-6												
0.1191	6.7E-6												
0.1191													
