Position (m) Run #1	Magnetic Field Strength (100X) (T) Run #1	Position (m) Run #2	Magnetic Field Strength (100X) (T) Run #2	Position (m) Run #3	Magnetic Field Strength (100X) (T) Run #3	Position (m) Run #4	Magnetic Field Strength (100X) (T) Run #4	Position (m) Run #5	Magnetic Field Strength (100X) (T) Run #5	Position (m) Run #6	Magnetic Field Strength (100X) (T) Run #6	Position (m) Run #7	Magnetic Field Strength (100X) (T) Run #7	Position (m) Run #8	Magnetic Field Strength (100X) (T) Run #8	Position (m) Run #9	Magnetic Field Strength (100X) (T) Run #9	Position (m) Run #10	Magnetic Field Strength (100X) (T) Run #10	Position (m) Run #11	Magnetic Field Strength (100X) (T) Run #11
0.0000	1.1E-4	0.0000	1.1E-4	0.0000	1.1E-4	-1.9725E-5	1.0E-4	0.0000	1.0E-4	0.0000	1.0E-4	0.0000	1.1E-4	0.0000	1.0E-4	0.0000	1.1E-4	0.0000	1.1E-4	0.0000	1.1E-4
0.0000	1.1E-4	0.0000	1.1E-4	0.0000	1.1E-4	-3.9450E-5	1.0E-4	0.0000	1.0E-4	0.0000	1.0E-4	0.0000	1.1E-4	0.0000	1.0E-4	0.0000	1.1E-4	0.0000	1.1E-4	0.0000	1.1E-4
0.0000	1.1E-4	0.0000	1.1E-4	0.0000	1.1E-4	-3.9450E-5	1.0E-4	0.0000	1.0E-4	0.0000	1.0E-4	0.0000	1.1E-4	0.0000	1.0E-4	0.0000	1.1E-4	1.9725E-5	1.1E-4	0.0000	1.1E-4
0.0000	1.1E-4	0.0000	1.1E-4	0.0000	1.1E-4	-3.9450E-5	1.0E-4	0.0000	1.0E-4	0.0000	1.0E-4	0.0000	1.1E-4	-3.9450E-5	1.0E-4	3.9450E-5	1.1E-4	1.9725E-5	1.1E-4	0.0000	1.1E-4
0.0000	1.1E-4	0.0000	1.1E-4	0.0000	1.1E-4	-3.9450E-5	1.0E-4	0.0000	1.0E-4	0.0000	1.0E-4	0.0000	1.1E-4	-5.9175E-5	1.0E-4	3.9450E-5	1.1E-4	3.9450E-5	1.1E-4	0.0000	1.1E-4
0.0000	1.1E-4	0.0000	1.1E-4	0.0000	1.1E-4	0.0000	1.0E-4	0.0000	1.0E-4	0.0000	1.0E-4	0.0000	1.1E-4	-3.9450E-5	1.0E-4	3.9450E-5	1.1E-4	3.9450E-5	1.1E-4	0.0000	1.1E-4
0.0000	1.1E-4	0.0000	1.1E-4	0.0000	1.1E-4	-1.9725E-5	1.0E-4	0.0000	1.0E-4	0.0000	1.0E-4	0.0000	1.1E-4	3.9450E-5	1.0E-4	3.9450E-5	1.1E-4	5.9175E-5	1.1E-4	0.0000	1.1E-4
0.0000	1.1E-4	0.0000	1.1E-4	0.0000	1.1E-4	-3.9450E-5	1.0E-4	1.9725E-5	1.0E-4	0.0000	1.0E-4	0.0000	1.1E-4	3.9450E-5	1.0E-4	5.9175E-5	1.1E-4	5.9175E-5	1.1E-4	0.0000	1.1E-4
0.0000	1.1E-4	0.0000	1.1E-4	0.0000	1.1E-4	-1.9725E-5	1.0E-4	1.9725E-5	1.0E-4	0.0000	1.0E-4	1.9725E-5	1.1E-4	3.9450E-5	1.0E-4	5.9175E-5	1.1E-4	1.7752E-4	1.1E-4	0.0000	1.1E-4
0.0000	1.1E-4	0.0000	1.1E-4	0.0000	1.1E-4	-1.9725E-5	1.0E-4	1.9725E-5	1.0E-4	0.0000	1.0E-4	1.9725E-5	1.1E-4	5.9175E-5	1.0E-4	5.9175E-5	1.1E-4	4.9312E-4	1.1E-4	0.0000	1.1E-4
0.0000	1.1E-4	0.0000	1.1E-4	0.0000	1.1E-4	-1.9725E-5	1.0E-4	1.9725E-5	1.0E-4	0.0000	1.0E-4	1.9725E-5	1.1E-4	5.9175E-5	1.0E-4	7.8900E-5	1.1E-4	7.6927E-4	1.1E-4	0.0000	1.0E-4
0.0000	1.1E-4	0.0000	1.1E-4	0.0000	1.1E-4	-1.9725E-5	1.0E-4	1.9725E-5	1.0E-4	0.0000	1.0E-4	1.9725E-5	1.1E-4	5.9175E-5	1.0E-4	9.8625E-5	1.1E-4	0.0011	1.1E-4	0.0000	1.1E-4
0.0000	1.1E-4	0.0000	1.1E-4	0.0000	1.1E-4	1.9725E-5	1.0E-4	1.9725E-5	1.0E-4	0.0000	1.0E-4	1.9725E-5	1.1E-4	5.9175E-5	1.0E-4	1.1835E-4	1.1E-4	0.0014	1.1E-4	0.0000	1.1E-4
0.0000	1.1E-4	0.0000	1.1E-4	0.0000	1.1E-4	1.9725E-5	1.0E-4	1.9725E-5	1.0E-4	0.0000	1.0E-4	1.9725E-5	1.1E-4	7.8900E-5	1.0E-4	1.3808E-4	1.1E-4	0.0017	1.0E-4	0.0000	1.1E-4
0.0000	1.1E-4	0.0000	1.1E-4	0.0000	1.1E-4	3.9450E-5	1.0E-4	1.9725E-5	1.0E-4	0.0000	1.0E-4	-1.9725E-5	1.1E-4	2.5643E-4	1.0E-4	1.3808E-4	1.1E-4	0.0021	1.0E-4	0.0000	1.1E-4
0.0000	1.1E-4	0.0000	1.1E-4	0.0000	1.1E-4	3.9450E-5	1.0E-4	1.9725E-5	1.0E-4	0.0000	1.0E-4	-1.9725E-5	1.1E-4	5.9175E-4	1.0E-4	1.5780E-4	1.1E-4	0.0024	1.0E-4	-1.9725E-5	1.0E-4
0.0000	1.1E-4	0.0000	1.1E-4	0.0000	1.1E-4	3.9450E-5	1.0E-4	1.9725E-5	1.0E-4	0.0000	1.0E-4	-1.9725E-5	1.1E-4	8.8763E-4	1.0E-4	1.7753E-4	1.1E-4	0.0027	9.9E-5	3.9450E-5	1.0E-4
0.0000	1.2E-4	0.0000	1.1E-4	0.0000	1.1E-4	3.9450E-5	1.0E-4	1.9725E-5	1.0E-4	0.0000	1.0E-4	0.0000	1.1E-4	0.0012	9.9E-5	2.1697E-4	1.1E-4	0.0030	9.6E-5	3.9450E-5	1.0E-4
0.0000	1.2E-4	0.0000	1.1E-4	0.0000	1.1E-4	3.9450E-5	1.0E-4	0.0000	1.0E-4	1.9725E-5	1.0E-4	-1.9725E-5	1.1E-4	0.0015	9.7E-5	2.9588E-4	1.1E-4	0.0034	9.4E-5	3.9450E-5	1.0E-4
0.0000	1.2E-4	0.0000	1.1E-4	0.0000	1.1E-4	5.9175E-5	1.0E-4	1.9725E-5	1.0E-4	1.9725E-5	1.0E-4	-1.9725E-5	1.1E-4	0.0017	9.6E-5	3.7478E-4	1.1E-4	0.0037	9.1E-5	3.9450E-5	1.0E-4
0.0000	1.2E-4	0.0000	1.1E-4	0.0000	1.1E-4	5.9175E-5	1.0E-4	3.9450E-5	1.0E-4	1.9725E-5	1.0E-4	-1.9725E-5	1.1E-4	0.0020	9.4E-5	4.5368E-4	1.1E-4	0.0041	8.9E-5	5.9175E-5	1.0E-4
0.0000	1.2E-4	0.0000	1.1E-4	0.0000	1.1E-4	1.1835E-4	1.0E-4	3.9450E-5	1.0E-4	1.9725E-5	1.0E-4	-1.9725E-5	1.1E-4	0.0023	9.2E-5	5.3258E-4	1.1E-4	0.0044	8.6E-5	5.9175E-5	1.0E-4
0.0000	1.2E-4	0.0000	1.1E-4	0.0000	1.1E-4	1.5780E-4	1.0E-4	3.9450E-5	1.0E-4	1.9725E-5	1.0E-4	-1.9725E-5	1.1E-4	0.0026	9.1E-5	6.5093E-4	1.1E-4	0.0048	8.4E-5	1.7752E-4	1.0E-4
0.0000	1.1E-4	0.0000	1.1E-4	0.0000	1.1E-4	2.1697E-4	1.0E-4	3.9450E-5	1.0E-4	1.9725E-5	1.0E-4	-1.9725E-5	1.1E-4	0.0029	8.9E-5	9.4680E-4	1.1E-4	0.0052	8.2E-5	2.9588E-4	1.0E-4
0.0000	1.1E-4	-1.9725E-5	1.1E-4	0.0000	1.1E-4	2.9588E-4	1.0E-4	3.9450E-5	1.0E-4	1.9725E-5	1.0E-4	-1.9725E-5	1.1E-4	0.0033	8.7E-5	0.0013	1.1E-4	0.0056	8.0E-5	4.5367E-4	1.0E-4
0.0000	1.1E-4	-1.9725E-5	1.1E-4	-5.9175E-5	1.1E-4	3.9450E-4	1.0E-4	3.9450E-5	1.0E-4	1.9725E-5	1.0E-4	-1.9725E-5	1.1E-4	0.0037	8.5E-5	0.0018	1.1E-4	0.0061	7.8E-5	6.3120E-4	1.0E-4
0.0000	1.1E-4	-1.9725E-5	1.1E-4	-5.9175E-5	1.1E-4	4.9312E-4	1.0E-4	3.9450E-5	1.0E-4	1.9725E-5	1.0E-4	0.0000	1.1E-4	0.0041	8.3E-5	0.0023	1.1E-4	0.0065	7.6E-5	8.8762E-4	1.0E-4
0.0000	1.1E-4	-1.9725E-5	1.1E-4	-5.9175E-5	1.1E-4	5.9175E-4	1.0E-4	3.9450E-5	1.0E-4	1.9725E-5	1.0E-4	5.9175E-5	1.1E-4	0.0045	8.1E-5	0.0028	1.0E-4	0.0070	7.4E-5	0.0012	1.0E-4
0.0000	1.1E-4	-1.9725E-5	1.1E-4	-5.9175E-5	1.1E-4	6.9037E-4	1.0E-4	3.9450E-5	1.0E-4	1.9725E-5	1.0E-4	5.9175E-5	1.1E-4	0.0050	7.9E-5	0.0033	1.0E-4	0.0074	7.1E-5	0.0015	1.0E-4
0.0000	1.1E-4	-1.9725E-5	1.1E-4	-5.9175E-5	1.1E-4	7.8900E-4	1.0E-4	3.9450E-5	1.0E-4	3.9450E-5	1.0E-4	5.9175E-5	1.1E-4	0.0055	7.7E-5	0.0038	9.9E-5	0.0079	6.9E-5	0.0019	1.0E-4
0.0000	1.1E-4	-1.9725E-5	1.1E-4	-5.9175E-5	1.1E-4	9.0735E-4	1.0E-4	5.9175E-5	1.0E-4	5.9175E-5	1.0E-4	7.8900E-5	1.1E-4	0.0060	7.5E-5	0.0044	9.6E-5	0.0084	6.6E-5	0.0023	1.0E-4
0.0000	1.1E-4	0.0000	1.1E-4	-3.9450E-5	1.1E-4	0.0010	1.0E-4	1.1835E-4	1.0E-4	9.8625E-5	1.0E-4	7.8900E-5	1.1E-4	0.0066	7.3E-5	0.0049	9.2E-5	0.0089	6.4E-5	0.0027	9.9E-5
0.0000	1.1E-4	3.9450E-5	1.1E-4	-3.9450E-5	1.1E-4	0.0011	1.0E-4	1.7752E-4	1.0E-4	1.1835E-4	1.0E-4	7.8900E-5	1.1E-4	0.0071	7.1E-5	0.0055	8.9E-5	0.0094	6.2E-5	0.0031	9.6E-5
0.0000	1.1E-4	5.9175E-5	1.1E-4	-3.9450E-5	1.1E-4	0.0012	9.9E-5	2.1697E-4	1.0E-4	1.3808E-4	1.0E-4	7.8900E-5	1.1E-4	0.0077	6.9E-5	0.0060	8.6E-5	0.0099	6.0E-5	0.0035	9.4E-5
0.0000	1.1E-4	5.9175E-5	1.1E-4	-3.9450E-5	1.1E-4	0.0013	9.9E-5	2.5643E-4	1.0E-4	1.5780E-4	1.1E-4	1.5780E-4	1.1E-4	0.0082	6.7E-5	0.0065	8.3E-5	0.0104	5.8E-5	0.0039	9.1E-5
-1.9725E-5	1.1E-4	5.9175E-5	1.1E-4	-3.9450E-5	1.1E-4	0.0014	9.8E-5	2.7615E-4	1.0E-4	1.9725E-4	1.1E-4	1.9725E-4	1.1E-4	0.0088	6.5E-5	0.0069	8.0E-5	0.0109	5.6E-5	0.0043	8.9E-5
-1.9725E-5	1.1E-4	1.5780E-4	1.1E-4	-3.9450E-5	1.1E-4	0.0015	9.7E-5	3.1560E-4	1.0E-4	2.3670E-4	1.1E-4	2.5643E-4	1.1E-4	0.0093	6.2E-5	0.0074	7.7E-5	0.0115	5.4E-5	0.0047	8.6E-5
-1.9725E-5	1.1E-4	2.3670E-4	1.1E-4	-3.9450E-5	1.1E-4	0.0016	9.6E-5	3.5505E-4	1.0E-4	2.9588E-4	1.1E-4	3.3533E-4	1.1E-4	0.0098	6.0E-5	0.0079	7.5E-5	0.0121	5.3E-5	0.0051	8.4E-5
-1.9725E-5	1.1E-4	2.9587E-4	1.1E-4	-1.9725E-5	1.1E-4	0.0017	9.6E-5	3.9450E-4	1.0E-4	3.3533E-4	1.1E-4	4.1422E-4	1.1E-4	0.0103	5.9E-5	0.0083	7.2E-5	0.0126	5.1E-5	0.0055	8.1E-5
-1.9725E-5	1.1E-4	3.3532E-4	1.1E-4	-6.7763E-21	1.1E-4	0.0018	9.5E-5	4.3395E-4	1.1E-4	4.1422E-4	1.1E-4	4.9313E-4	1.1E-4	0.0109	5.7E-5	0.0088	7.0E-5	0.0132	5.0E-5	0.0059	7.9E-5
-1.9725E-5	1.1E-4	3.9450E-4	1.1E-4	1.9725E-5	1.1E-4	0.0019	9.4E-5	4.9313E-4	1.1E-4	4.7340E-4	1.1E-4	5.5230E-4	1.1E-4	0.0114	5.5E-5	0.0092	6.7E-5	0.0138	4.9E-5	0.0063	7.6E-5
-1.9725E-5	1.1E-4	4.9312E-4	1.1E-4	1.9725E-5	1.1E-4	0.0020	9.3E-5	5.7203E-4	1.0E-4	5.5230E-4	1.1E-4	6.3120E-4	1.1E-4	0.0120	5.3E-5	0.0097	6.6E-5	0.0143	4.8E-5	0.0066	7.4E-5
1.9725E-5	1.1E-4	5.7202E-4	1.1E-4	1.9725E-5	1.1E-4	0.0022	9.3E-5	6.5093E-4	1.0E-4	6.3120E-4	1.0E-4	7.2983E-4	1.1E-4	0.0125	5.1E-5	0.0101	6.4E-5	0.0149	4.7E-5	0.0070	7.2E-5
3.9450E-5	1.1E-4	6.9037E-4	1.1E-4	3.9450E-5	1.1E-4	0.0023	9.2E-5	7.4955E-4	1.0E-4	7.1010E-4	1.0E-4	8.2845E-4	1.1E-4	0.0130	5.0E-5	0.0105	6.2E-5	0.0154	4.5E-5	0.0073	7.0E-5
3.9450E-5	1.1E-4	8.2845E-4	1.1E-4	3.9450E-5	1.1E-4	0.0024	9.1E-5	8.6790E-4	1.0E-4	7.6927E-4	1.0E-4	9.2707E-4	1.1E-4	0.0135	4.8E-5	0.0110	6.1E-5	0.0160	4.4E-5	0.0077	6.8E-5
5.9175E-5	1.1E-4	9.6653E-4	1.1E-4	3.9450E-5	1.1E-4	0.0026	9.0E-5	9.8625E-4	1.0E-4	8.6790E-4	1.0E-4	0.0010	1.1E-4	0.0140	4.7E-5	0.0115	5.9E-5	0.0165	4.3E-5	0.0080	6.6E-5
5.9175E-5	1.1E-4	0.0011	1.1E-4	1.3807E-4	1.1E-4	0.0027	8.9E-5	0.0011	1.0E-4	9.6653E-4	1.0E-4	0.0012	1.1E-4	0.0146	4.5E-5	0.0120	5.8E-5	0.0170	4.2E-5	0.0084	6.4E-5
5.9175E-5	1.1E-4	0.0013	1.0E-4	2.3670E-4	1.1E-4	0.0029	8.8E-5	0.0012	1.0E-4	0.0011	1.0E-4	0.0013	1.0E-4	0.0152	4.4E-5	0.0125	5.6E-5	0.0176	4.1E-5	0.0089	6.3E-5
5.9175E-5	1.1E-4	0.0014	1.0E-4	3.5505E-4	1.1E-4	0.0030	8.7E-5	0.0013	1.0E-4	0.0012	1.0E-4	0.0015	1.0E-4	0.0158	4.2E-5	0.0130	5.4E-5	0.0182	4.0E-5	0.0093	6.2E-5
5.9175E-5	1.1E-4	0.0016	1.0E-4	4.9312E-4	1.1E-4	0.0032	8.6E-5	0.0015	1.0E-4	0.0013	1.0E-4	0.0017	1.0E-4	0.0163	4.1E-5	0.0135	5.3E-5	0.0189	3.8E-5	0.0098	6.0E-5
5.9175E-5	1.1E-4	0.0018	1.0E-4	6.3120E-4	1.1E-4	0.0034	8.4E-5	0.0016	9.8E-5	0.0014	9.9E-5	0.0018	9.9E-5	0.0168	4.0E-5	0.0140	5.1E-5	0.0195	3.7E-5	0.0102	5.8E-5
5.9175E-5	1.1E-4	0.0021	1.0E-4	7.6927E-4	1.1E-4	0.0036	8.3E-5	0.0017	9.7E-5	0.0015	9.9E-5	0.0020	9.8E-5	0.0173	3.9E-5	0.0146	5.0E-5	0.0202	3.6E-5	0.0107	5.7E-5
5.9175E-5	1.1E-4	0.0023	9.8E-5	9.0735E-4	1.1E-4	0.0037	8.2E-5	0.0019	9.6E-5	0.0017	9.8E-5	0.0022	9.7E-5	0.0178	3.8E-5	0.0152	4.8E-5	0.0209	3.5E-5	0.0112	5.5E-5
5.9175E-5	1.1E-4	0.0026	9.7E-5	0.0011	1.1E-4	0.0039	8.0E-5	0.0020	9.5E-5	0.0019	9.7E-5	0.0024	9.7E-5	0.0183	3.7E-5	0.0159	4.7E-5	0.0216	3.4E-5	0.0116	5.3E-5
5.9175E-5	1.1E-4	0.0029	9.5E-5	0.0013	1.1E-4	0.0041	7.9E-5	0.0022	9.3E-5	0.0021	9.6E-5	0.0026	9.6E-5	0.0187	3.6E-5	0.0166	4.6E-5	0.0222	3.4E-5	0.0121	5.2E-5
1.7752E-4	1.1E-4	0.0032	9.4E-5	0.0014	1.1E-4	0.0044	7.7E-5	0.0023	9.2E-5	0.0023	9.5E-5	0.0028	9.5E-5	0.0192	3.5E-5	0.0172	4.4E-5	0.0227	3.3E-5	0.0126	5.1E-5
2.7615E-4	1.1E-4	0.0035	9.3E-5	0.0016	1.1E-4	0.0046	7.6E-5	0.0025	9.1E-5	0.0025	9.4E-5	0.0031	9.4E-5	0.0196	3.4E-5	0.0179	4.3E-5	0.0231	3.2E-5	0.0132	4.9E-5
3.9450E-4	1.1E-4	0.0039	9.1E-5	0.0018	1.1E-4	0.0048	7.5E-5	0.0027	9.0E-5	0.0027	9.2E-5	0.0033	9.3E-5	0.0201	3.3E-5	0.0185	4.2E-5	0.0236	3.2E-5	0.0137	4.8E-5
4.9312E-4	1.1E-4	0.0042	8.9E-5	0.0020	1.0E-4	0.0051	7.3E-5	0.0029	8.9E-5	0.0029	9.1E-5	0.0036	9.1E-5	0.0206	3.2E-5	0.0191	4.1E-5	0.0241	3.1E-5	0.0143	4.6E-5
5.9175E-4	1.1E-4	0.0046	8.7E-5	0.0022	1.0E-4	0.0053	7.2E-5	0.0031	8.8E-5	0.0032	8.9E-5	0.0038	9.0E-5	0.0210	3.1E-5	0.0197	4.0E-5	0.0247	3.0E-5	0.0148	4.5E-5
6.9037E-4	1.1E-4	0.0049	8.5E-5	0.0024	1.0E-4	0.0056	7.1E-5	0.0033	8.7E-5	0.0034	8.8E-5	0.0040	8.8E-5	0.0215	3.1E-5	0.0203	3.9E-5	0.0254	3.0E-5	0.0152	4.4E-5
8.0872E-4	1.1E-4	0.0053	8.3E-5	0.0027	1.0E-4	0.0058	7.0E-5	0.0036	8.6E-5	0.0036	8.7E-5	0.0043	8.6E-5	0.0220	3.0E-5	0.0209	3.7E-5	0.0260	2.9E-5	0.0157	4.3E-5
9.2707E-4	1.1E-4	0.0056	8.0E-5	0.0029	9.9E-5	0.0061	6.9E-5	0.0038	8.5E-5	0.0039	8.6E-5	0.0045	8.5E-5	0.0226	2.9E-5	0.0216	3.6E-5	0.0265	2.8E-5	0.0162	4.2E-5
0.0010	1.1E-4	0.0059	7.8E-5	0.0031	9.7E-5	0.0064	6.7E-5	0.0040	8.4E-5	0.0041	8.4E-5	0.0048	8.3E-5	0.0231	2.9E-5	0.0223	3.5E-5	0.0271	2.8E-5	0.0166	4.1E-5
0.0011	1.1E-4	0.0063	7.5E-5	0.0034	9.5E-5	0.0066	6.6E-5	0.0043	8.3E-5	0.0043	8.3E-5	0.0051	8.2E-5	0.0236	2.8E-5	0.0230	3.3E-5	0.0278	2.7E-5	0.0171	4.0E-5
0.0013	1.1E-4	0.0066	7.3E-5	0.0036	9.3E-5	0.0068	6.5E-5	0.0046	8.1E-5	0.0046	8.1E-5	0.0054	8.0E-5	0.0240	2.8E-5	0.0237	3.2E-5	0.0286	2.6E-5	0.0175	3.8E-5
0.0014	1.1E-4	0.0069	7.2E-5	0.0039	9.1E-5	0.0070	6.4E-5	0.0049	8.0E-5	0.0048	8.0E-5	0.0057	7.8E-5	0.0245	2.7E-5	0.0243	3.1E-5	0.0293	2.6E-5	0.0179	3.7E-5
0.0015	1.1E-4	0.0072	7.1E-5	0.0042	9.0E-5	0.0073	6.3E-5	0.0052	7.9E-5	0.0051	7.8E-5	0.0061	7.6E-5	0.0250	2.6E-5	0.0250	3.0E-5	0.0299	2.5E-5	0.0184	3.6E-5
0.0016	1.0E-4	0.0074	6.9E-5	0.0045	8.7E-5	0.0076	6.3E-5	0.0056	7.7E-5	0.0054	7.6E-5	0.0064	7.5E-5	0.0256	2.5E-5	0.0257	2.9E-5	0.0305	2.4E-5	0.0190	3.6E-5
0.0018	1.0E-4	0.0077	6.8E-5	0.0047	8.6E-5	0.0079	6.2E-5	0.0059	7.6E-5	0.0056	7.4E-5	0.0067	7.3E-5	0.0261	2.5E-5	0.0264	2.9E-5	0.0311	2.4E-5	0.0195	3.5E-5
0.0019	1.0E-4	0.0080	6.6E-5	0.0050	8.4E-5	0.0082	6.1E-5	0.0062	7.4E-5	0.0059	7.2E-5	0.0071	7.2E-5	0.0266	2.4E-5	0.0270	2.8E-5	0.0318	2.3E-5	0.0200	3.4E-5
0.0020	1.0E-4	0.0082	6.5E-5	0.0053	8.1E-5	0.0086	6.0E-5	0.0066	7.3E-5	0.0062	7.0E-5	0.0074	7.1E-5	0.0270	2.3E-5	0.0277	2.7E-5	0.0324	2.2E-5	0.0205	3.3E-5
0.0022	1.0E-4	0.0085	6.5E-5	0.0056	7.9E-5	0.0089	5.9E-5	0.0069	7.1E-5	0.0065	6.9E-5	0.0078	6.9E-5	0.0275	2.3E-5	0.0284	2.7E-5	0.0331	2.2E-5	0.0210	3.3E-5
0.0024	9.8E-5	0.0088	6.4E-5	0.0059	7.7E-5	0.0092	5.8E-5	0.0072	7.0E-5	0.0068	6.8E-5	0.0081	6.8E-5	0.0280	2.3E-5	0.0290	2.6E-5	0.0337	2.1E-5	0.0216	3.2E-5
0.0026	9.7E-5	0.0090	6.3E-5	0.0063	7.5E-5	0.0095	5.7E-5	0.0076	6.8E-5	0.0071	6.6E-5	0.0085	6.7E-5	0.0285	2.2E-5	0.0297	2.6E-5	0.0343	2.1E-5	0.0221	3.1E-5
0.0027	9.6E-5	0.0093	6.3E-5	0.0066	7.4E-5	0.0099	5.5E-5	0.0079	6.6E-5	0.0074	6.4E-5	0.0089	6.5E-5	0.0290	2.2E-5	0.0304	2.5E-5	0.0348	2.0E-5	0.0226	3.0E-5
0.0029	9.5E-5	0.0096	6.2E-5	0.0070	7.3E-5	0.0102	5.4E-5	0.0082	6.4E-5	0.0078	6.3E-5	0.0092	6.4E-5	0.0295	2.2E-5	0.0311	2.5E-5	0.0354	2.0E-5	0.0230	2.8E-5
0.0031	9.3E-5	0.0098	6.1E-5	0.0073	7.1E-5	0.0105	5.3E-5	0.0085	6.3E-5	0.0081	6.1E-5	0.0096	6.3E-5	0.0300	2.2E-5	0.0319	2.4E-5	0.0359	2.0E-5	0.0235	2.7E-5
0.0033	9.2E-5	0.0101	6.1E-5	0.0077	6.9E-5	0.0108	5.2E-5	0.0089	6.1E-5	0.0084	6.0E-5	0.0100	6.2E-5	0.0305	2.1E-5	0.0325	2.4E-5	0.0365	1.9E-5	0.0239	2.7E-5
0.0036	9.0E-5	0.0104	6.0E-5	0.0081	6.8E-5	0.0110	5.1E-5	0.0092	6.0E-5	0.0088	5.9E-5	0.0104	6.0E-5	0.0310	2.1E-5	0.0332	2.4E-5	0.0371	1.9E-5	0.0243	2.6E-5
0.0037	8.8E-5	0.0107	5.9E-5	0.0084	6.7E-5	0.0113	5.0E-5	0.0095	5.9E-5	0.0091	5.8E-5	0.0108	5.9E-5	0.0315	2.1E-5	0.0338	2.4E-5	0.0376	1.9E-5	0.0247	2.6E-5
0.0040	8.7E-5	0.0110	5.9E-5	0.0088	6.5E-5	0.0116	5.0E-5	0.0099	5.7E-5	0.0094	5.7E-5	0.0112	5.7E-5	0.0321	2.0E-5	0.0346	2.4E-5	0.0381	1.8E-5	0.0251	2.6E-5
0.0042	8.5E-5	0.0113	5.8E-5	0.0092	6.4E-5	0.0119	4.9E-5	0.0102	5.6E-5	0.0098	5.6E-5	0.0116	5.6E-5	0.0326	2.0E-5	0.0353	2.3E-5	0.0386	1.8E-5	0.0254	2.5E-5
0.0044	8.3E-5	0.0116	5.7E-5	0.0095	6.3E-5	0.0122	4.8E-5	0.0105	5.5E-5	0.0101	5.4E-5	0.0120	5.5E-5	0.0332	2.0E-5	0.0361	2.2E-5	0.0389	1.7E-5	0.0258	2.4E-5
0.0046	8.2E-5	0.0119	5.5E-5	0.0098	6.1E-5	0.0125	4.7E-5	0.0108	5.4E-5	0.0105	5.3E-5	0.0125	5.3E-5	0.0337	1.9E-5	0.0367	2.2E-5	0.0392	1.7E-5	0.0263	2.4E-5
0.0048	8.0E-5	0.0121	5.4E-5	0.0101	6.0E-5	0.0128	4.7E-5	0.0111	5.2E-5	0.0108	5.2E-5	0.0129	5.2E-5	0.0342	1.9E-5	0.0375	2.1E-5	0.0395	1.7E-5	0.0266	2.3E-5
0.0050	7.9E-5	0.0124	5.3E-5	0.0104	5.9E-5	0.0132	4.6E-5	0.0115	5.1E-5	0.0112	5.1E-5	0.0133	5.1E-5	0.0348	1.9E-5	0.0382	2.0E-5	0.0400	1.7E-5	0.0271	2.3E-5
0.0052	7.8E-5	0.0128	5.2E-5	0.0107	5.8E-5	0.0135	4.5E-5	0.0118	5.1E-5	0.0116	5.0E-5	0.0137	4.9E-5	0.0354	1.8E-5	0.0390	2.0E-5	0.0403	1.7E-5	0.0275	2.3E-5
0.0054	7.7E-5	0.0131	5.1E-5	0.0110	5.6E-5	0.0138	4.5E-5	0.0121	5.0E-5	0.0120	5.0E-5	0.0141	4.8E-5	0.0358	1.8E-5	0.0395	1.9E-5	0.0408	1.7E-5	0.0280	2.3E-5
0.0056	7.6E-5	0.0134	5.0E-5	0.0113	5.5E-5	0.0142	4.4E-5	0.0124	5.0E-5	0.0124	4.9E-5	0.0146	4.7E-5	0.0362	1.8E-5	0.0398	1.9E-5	0.0415	1.7E-5	0.0285	2.3E-5
0.0058	7.5E-5	0.0138	4.9E-5	0.0115	5.4E-5	0.0145	4.3E-5	0.0128	4.9E-5	0.0128	4.8E-5	0.0150	4.6E-5	0.0366	1.8E-5	0.0400	1.8E-5	0.0422	1.6E-5	0.0290	2.3E-5
0.0061	7.4E-5	0.0141	4.8E-5	0.0118	5.3E-5	0.0149	4.2E-5	0.0131	4.8E-5	0.0132	4.8E-5	0.0154	4.5E-5	0.0371	1.8E-5	0.0400	1.8E-5	0.0430	1.7E-5	0.0295	2.2E-5
0.0063	7.3E-5	0.0145	4.7E-5	0.0122	5.3E-5	0.0153	4.2E-5	0.0134	4.7E-5	0.0136	4.7E-5	0.0158	4.4E-5	0.0377	1.8E-5	0.0400	1.8E-5	0.0438	1.6E-5	0.0301	2.2E-5
0.0066	7.2E-5	0.0149	4.7E-5	0.0124	5.2E-5	0.0157	4.1E-5	0.0137	4.6E-5	0.0141	4.6E-5	0.0161	4.3E-5	0.0384	1.8E-5	0.0400	1.8E-5	0.0446	1.6E-5	0.0307	2.1E-5
0.0069	7.1E-5	0.0152	4.6E-5	0.0128	5.2E-5	0.0161	4.0E-5	0.0141	4.6E-5	0.0145	4.5E-5	0.0165	4.2E-5	0.0390	1.8E-5	0.0403	1.8E-5	0.0453	1.6E-5	0.0312	2.1E-5
0.0071	7.1E-5	0.0156	4.5E-5	0.0131	5.1E-5	0.0164	3.9E-5	0.0144	4.5E-5	0.0149	4.4E-5	0.0169	4.1E-5	0.0397	1.8E-5	0.0407	1.9E-5	0.0461	1.5E-5	0.0317	2.1E-5
0.0074	7.0E-5	0.0160	4.4E-5	0.0134	5.1E-5	0.0167	3.9E-5	0.0148	4.4E-5	0.0153	4.3E-5	0.0173	4.0E-5	0.0404	1.7E-5	0.0413	1.9E-5	0.0469	1.5E-5	0.0322	2.1E-5
0.0077	6.8E-5	0.0164	4.3E-5	0.0137	5.0E-5	0.0170	3.8E-5	0.0151	4.3E-5	0.0157	4.2E-5	0.0176	3.9E-5	0.0412	1.7E-5	0.0419	1.9E-5	0.0477	1.4E-5	0.0328	2.0E-5
0.0079	6.7E-5	0.0167	4.2E-5	0.0141	4.9E-5	0.0173	3.8E-5	0.0154	4.3E-5	0.0162	4.1E-5	0.0180	3.8E-5	0.0420	1.6E-5	0.0427	1.8E-5	0.0486	1.4E-5	0.0334	2.0E-5
0.0081	6.7E-5	0.0171	4.1E-5	0.0144	4.8E-5	0.0176	3.8E-5	0.0158	4.2E-5	0.0166	4.0E-5	0.0183	3.7E-5	0.0427	1.5E-5	0.0436	1.8E-5	0.0494	1.4E-5	0.0340	1.9E-5
0.0084	6.6E-5	0.0175	4.1E-5	0.0147	4.7E-5	0.0179	3.8E-5	0.0162	4.1E-5	0.0170	4.0E-5	0.0186	3.6E-5	0.0435	1.5E-5	0.0445	1.8E-5	0.0502	1.4E-5	0.0347	1.8E-5
0.0086	6.4E-5	0.0178	4.0E-5	0.0151	4.7E-5	0.0183	3.7E-5	0.0165	4.1E-5	0.0175	3.8E-5	0.0190	3.5E-5	0.0441	1.4E-5	0.0453	1.8E-5	0.0510	1.5E-5	0.0353	1.7E-5
0.0088	6.2E-5	0.0181	4.0E-5	0.0154	4.6E-5	0.0185	3.7E-5	0.0169	4.0E-5	0.0179	3.7E-5	0.0193	3.5E-5	0.0448	1.4E-5	0.0462	1.7E-5	0.0518	1.6E-5	0.0360	1.6E-5
0.0091	6.1E-5	0.0185	3.9E-5	0.0158	4.6E-5	0.0188	3.6E-5	0.0172	3.9E-5	0.0183	3.6E-5	0.0197	3.4E-5	0.0454	1.4E-5	0.0471	1.7E-5	0.0526	1.7E-5	0.0366	1.6E-5
0.0093	6.0E-5	0.0188	3.9E-5	0.0162	4.5E-5	0.0190	3.6E-5	0.0176	3.9E-5	0.0187	3.6E-5	0.0202	3.3E-5	0.0460	1.3E-5	0.0480	1.7E-5	0.0534	1.7E-5	0.0372	1.5E-5
0.0095	6.0E-5	0.0192	3.8E-5	0.0166	4.4E-5	0.0192	3.6E-5	0.0179	3.8E-5	0.0192	3.5E-5	0.0206	3.3E-5	0.0466	1.3E-5	0.0489	1.7E-5	0.0542	1.7E-5	0.0378	1.5E-5
0.0098	5.9E-5	0.0195	3.8E-5	0.0170	4.3E-5	0.0194	3.6E-5	0.0182	3.7E-5	0.0197	3.4E-5	0.0210	3.2E-5	0.0472	1.2E-5	0.0499	1.7E-5	0.0549	1.6E-5	0.0384	1.5E-5
0.0100	5.8E-5	0.0199	3.8E-5	0.0173	4.2E-5	0.0197	3.6E-5	0.0186	3.7E-5	0.0201	3.3E-5	0.0215	3.1E-5	0.0478	1.1E-5	0.0508	1.6E-5	0.0555	1.6E-5	0.0390	1.5E-5
0.0103	5.8E-5	0.0202	3.7E-5	0.0177	4.2E-5	0.0199	3.5E-5	0.0189	3.6E-5	0.0206	3.2E-5	0.0219	3.1E-5	0.0483	1.1E-5	0.0516	1.6E-5	0.0558	1.5E-5	0.0395	1.5E-5
0.0105	5.7E-5	0.0205	3.7E-5	0.0181	4.1E-5	0.0201	3.5E-5	0.0193	3.6E-5	0.0210	3.2E-5	0.0223	3.1E-5	0.0489	1.1E-5	0.0524	1.5E-5	0.0559	1.5E-5	0.0400	1.5E-5
0.0108	5.6E-5	0.0208	3.7E-5	0.0185	4.1E-5	0.0204	3.4E-5	0.0196	3.5E-5	0.0215	3.1E-5	0.0227	3.0E-5	0.0495	1.1E-5	0.0533	1.5E-5	0.0559	1.5E-5	0.0406	1.5E-5
0.0110	5.5E-5	0.0212	3.6E-5	0.0189	4.0E-5	0.0207	3.3E-5	0.0200	3.5E-5	0.0220	3.1E-5	0.0231	3.0E-5	0.0501	1.1E-5	0.0542	1.5E-5	0.0561	1.6E-5	0.0411	1.5E-5
0.0113	5.5E-5	0.0216	3.6E-5	0.0193	4.0E-5	0.0209	3.2E-5	0.0204	3.4E-5	0.0225	3.1E-5	0.0236	3.0E-5	0.0507	1.1E-5	0.0551	1.5E-5	0.0565	1.6E-5	0.0417	1.4E-5
0.0115	5.4E-5	0.0220	3.6E-5	0.0196	3.9E-5	0.0212	3.2E-5	0.0208	3.4E-5	0.0230	3.0E-5	0.0239	2.9E-5	0.0512	1.0E-5	0.0560	1.4E-5	0.0570	1.6E-5	0.0422	1.4E-5
0.0118	5.3E-5	0.0224	3.6E-5	0.0200	3.8E-5	0.0214	3.1E-5	0.0212	3.3E-5	0.0235	3.0E-5	0.0243	2.9E-5	0.0516	1.0E-5	0.0568	1.4E-5	0.0576	1.6E-5	0.0427	1.4E-5
0.0120	5.2E-5	0.0228	3.5E-5	0.0204	3.8E-5	0.0217	3.1E-5	0.0215	3.3E-5	0.0240	2.9E-5	0.0247	2.8E-5	0.0521	9.9E-6	0.0576	1.4E-5	0.0582	1.6E-5	0.0432	1.4E-5
0.0123	5.1E-5	0.0232	3.5E-5	0.0208	3.7E-5	0.0219	3.0E-5	0.0218	3.2E-5	0.0245	2.9E-5	0.0251	2.7E-5	0.0526	9.7E-6	0.0581	1.3E-5	0.0588	1.6E-5	0.0437	1.4E-5
0.0125	5.0E-5	0.0236	3.4E-5	0.0212	3.6E-5	0.0221	3.0E-5	0.0220	3.2E-5	0.0250	2.9E-5	0.0255	2.7E-5	0.0532	9.5E-6	0.0588	1.3E-5	0.0595	1.6E-5	0.0442	1.4E-5
0.0127	5.0E-5	0.0240	3.4E-5	0.0215	3.6E-5	0.0224	3.0E-5	0.0223	3.1E-5	0.0254	2.8E-5	0.0258	2.7E-5	0.0539	9.3E-6	0.0595	1.3E-5	0.0601	1.6E-5	0.0446	1.3E-5
0.0130	4.9E-5	0.0243	3.3E-5	0.0219	3.5E-5	0.0226	2.9E-5	0.0225	3.1E-5	0.0259	2.8E-5	0.0262	2.7E-5	0.0546	9.1E-6	0.0605	1.2E-5	0.0607	1.6E-5	0.0451	1.3E-5
0.0132	4.8E-5	0.0247	3.3E-5	0.0223	3.5E-5	0.0228	2.9E-5	0.0228	3.0E-5	0.0263	2.8E-5	0.0265	2.7E-5	0.0553	8.9E-6	0.0615	1.2E-5	0.0613	1.6E-5	0.0454	1.2E-5
0.0135	4.8E-5	0.0250	3.2E-5	0.0227	3.4E-5	0.0231	2.9E-5	0.0230	3.0E-5	0.0267	2.7E-5	0.0269	2.7E-5	0.0560	8.7E-6	0.0625	1.2E-5	0.0619	1.6E-5	0.0456	1.2E-5
0.0137	4.7E-5	0.0254	3.1E-5	0.0231	3.4E-5	0.0233	2.9E-5	0.0233	2.9E-5	0.0271	2.6E-5	0.0273	2.7E-5	0.0566	8.7E-6	0.0635	1.2E-5	0.0624	1.5E-5	0.0461	1.1E-5
0.0140	4.6E-5	0.0258	3.1E-5	0.0234	3.3E-5	0.0236	2.8E-5	0.0235	2.9E-5	0.0275	2.6E-5	0.0276	2.7E-5	0.0573	8.7E-6	0.0644	1.2E-5	0.0630	1.5E-5	0.0468	1.1E-5
0.0142	4.5E-5	0.0262	3.1E-5	0.0238	3.3E-5	0.0239	2.8E-5	0.0238	2.8E-5	0.0279	2.6E-5	0.0280	2.7E-5	0.0579	8.9E-6	0.0654	1.1E-5	0.0636	1.5E-5	0.0474	1.1E-5
0.0145	4.5E-5	0.0267	3.0E-5	0.0242	3.2E-5	0.0241	2.7E-5	0.0240	2.8E-5	0.0283	2.5E-5	0.0284	2.7E-5	0.0585	9.2E-6	0.0664	1.0E-5	0.0641	1.5E-5	0.0481	1.1E-5
0.0147	4.4E-5	0.0271	3.0E-5	0.0246	3.2E-5	0.0244	2.7E-5	0.0242	2.8E-5	0.0287	2.5E-5	0.0288	2.6E-5	0.0591	9.7E-6	0.0674	9.7E-6	0.0646	1.5E-5	0.0487	1.1E-5
0.0149	4.4E-5	0.0275	3.0E-5	0.0250	3.1E-5	0.0246	2.6E-5	0.0244	2.8E-5	0.0290	2.4E-5	0.0292	2.6E-5	0.0597	9.8E-6	0.0685	9.6E-6	0.0651	1.5E-5	0.0493	1.0E-5
0.0151	4.3E-5	0.0279	2.9E-5	0.0253	3.1E-5	0.0249	2.6E-5	0.0246	2.8E-5	0.0294	2.4E-5	0.0295	2.5E-5	0.0604	9.9E-6	0.0695	9.9E-6	0.0656	1.4E-5	0.0498	1.0E-5
0.0153	4.3E-5	0.0283	2.9E-5	0.0257	3.0E-5	0.0252	2.5E-5	0.0248	2.8E-5	0.0298	2.3E-5	0.0299	2.5E-5	0.0611	9.7E-6	0.0704	1.0E-5	0.0661	1.4E-5	0.0504	1.0E-5
0.0155	4.2E-5	0.0287	2.9E-5	0.0260	3.0E-5	0.0255	2.5E-5	0.0250	2.8E-5	0.0301	2.3E-5	0.0302	2.5E-5	0.0618	9.4E-6	0.0713	1.0E-5	0.0666	1.4E-5	0.0510	1.0E-5
0.0157	4.2E-5	0.0291	2.9E-5	0.0264	2.9E-5	0.0258	2.5E-5	0.0253	2.8E-5	0.0305	2.3E-5	0.0306	2.5E-5	0.0625	8.8E-6	0.0722	1.0E-5	0.0671	1.3E-5	0.0517	1.0E-5
0.0159	4.1E-5	0.0294	2.9E-5	0.0267	2.8E-5	0.0261	2.5E-5	0.0255	2.8E-5	0.0309	2.2E-5	0.0309	2.4E-5	0.0633	8.2E-6	0.0730	1.0E-5	0.0675	1.3E-5	0.0523	9.8E-6
0.0161	4.1E-5	0.0298	2.8E-5	0.0270	2.8E-5	0.0264	2.5E-5	0.0257	2.9E-5	0.0314	2.2E-5	0.0314	2.4E-5	0.0640	7.7E-6	0.0738	1.0E-5	0.0680	1.2E-5	0.0529	9.8E-6
0.0162	4.1E-5	0.0302	2.7E-5	0.0274	2.8E-5	0.0267	2.5E-5	0.0260	2.9E-5	0.0318	2.1E-5	0.0318	2.4E-5	0.0649	7.6E-6	0.0746	1.0E-5	0.0685	1.2E-5	0.0535	9.4E-6
0.0163	4.0E-5	0.0306	2.6E-5	0.0278	2.8E-5	0.0271	2.4E-5	0.0262	2.8E-5	0.0323	2.1E-5	0.0323	2.3E-5	0.0657	7.4E-6	0.0754	9.9E-6	0.0688	1.2E-5	0.0541	9.1E-6
0.0164	4.0E-5	0.0309	2.5E-5	0.0283	2.8E-5	0.0274	2.4E-5	0.0265	2.8E-5	0.0328	2.1E-5	0.0327	2.3E-5	0.0664	7.1E-6	0.0762	1.0E-5	0.0691	1.1E-5	0.0548	8.9E-6
0.0165	4.1E-5	0.0312	2.5E-5	0.0287	2.8E-5	0.0278	2.4E-5	0.0267	2.8E-5	0.0332	2.1E-5	0.0330	2.3E-5	0.0672	6.8E-6	0.0769	1.0E-5	0.0693	1.2E-5	0.0555	8.7E-6
0.0166	4.1E-5	0.0316	2.4E-5	0.0292	2.7E-5	0.0281	2.4E-5	0.0270	2.7E-5	0.0337	2.2E-5	0.0333	2.3E-5	0.0679	6.6E-6	0.0776	1.0E-5	0.0695	1.2E-5	0.0562	8.5E-6
0.0168	4.1E-5	0.0320	2.3E-5	0.0296	2.7E-5	0.0285	2.3E-5	0.0273	2.7E-5	0.0341	2.2E-5	0.0337	2.3E-5	0.0687	6.4E-6	0.0781	9.6E-6	0.0699	1.3E-5	0.0569	8.4E-6
0.0169	4.1E-5	0.0323	2.3E-5	0.0300	2.6E-5	0.0288	2.3E-5	0.0276	2.6E-5	0.0346	2.2E-5	0.0341	2.3E-5	0.0695	6.1E-6	0.0785	8.9E-6	0.0706	1.3E-5	0.0576	8.3E-6
0.0171	4.0E-5	0.0326	2.2E-5	0.0304	2.5E-5	0.0291	2.3E-5	0.0280	2.6E-5	0.0350	2.2E-5	0.0345	2.2E-5	0.0703	5.9E-6	0.0786	8.1E-6	0.0712	1.3E-5	0.0582	8.4E-6
0.0172	4.0E-5	0.0330	2.2E-5	0.0308	2.5E-5	0.0295	2.3E-5	0.0283	2.5E-5	0.0354	2.1E-5	0.0349	2.2E-5	0.0711	5.6E-6	0.0786	7.4E-6	0.0719	1.3E-5	0.0589	8.3E-6
0.0174	4.0E-5	0.0334	2.2E-5	0.0313	2.4E-5	0.0298	2.3E-5	0.0286	2.5E-5	0.0357	2.0E-5	0.0353	2.2E-5	0.0718	5.4E-6	0.0787	7.4E-6	0.0725	1.2E-5	0.0596	8.1E-6
0.0175	3.9E-5	0.0337	2.3E-5	0.0317	2.4E-5	0.0302	2.3E-5	0.0290	2.5E-5	0.0361	2.0E-5	0.0357	2.3E-5	0.0725	5.3E-6	0.0790	7.7E-6	0.0732	1.1E-5	0.0603	8.2E-6
0.0177	3.9E-5	0.0341	2.3E-5	0.0321	2.4E-5	0.0306	2.3E-5	0.0293	2.5E-5	0.0366	1.9E-5	0.0362	2.3E-5	0.0731	5.3E-6	0.0796	7.9E-6	0.0739	1.1E-5	0.0610	8.2E-6
0.0178	3.8E-5	0.0345	2.3E-5	0.0325	2.4E-5	0.0309	2.3E-5	0.0296	2.5E-5	0.0371	1.9E-5	0.0366	2.2E-5	0.0738	5.1E-6	0.0804	7.8E-6	0.0746	1.1E-5	0.0616	8.3E-6
0.0179	3.8E-5	0.0348	2.3E-5	0.0329	2.4E-5	0.0313	2.3E-5	0.0299	2.5E-5	0.0376	1.9E-5	0.0370	2.3E-5	0.0745	5.2E-6	0.0812	7.8E-6	0.0753	1.0E-5	0.0621	8.5E-6
0.0181	3.7E-5	0.0351	2.4E-5	0.0333	2.4E-5	0.0317	2.2E-5	0.0302	2.5E-5	0.0381	1.8E-5	0.0375	2.3E-5	0.0751	5.6E-6	0.0820	7.7E-6	0.0761	1.0E-5	0.0624	8.6E-6
0.0182	3.7E-5	0.0355	2.4E-5	0.0337	2.4E-5	0.0321	2.2E-5	0.0305	2.4E-5	0.0386	1.8E-5	0.0379	2.3E-5	0.0758	5.8E-6	0.0829	7.7E-6	0.0768	9.9E-6	0.0627	8.5E-6
0.0184	3.6E-5	0.0359	2.4E-5	0.0341	2.3E-5	0.0325	2.2E-5	0.0308	2.4E-5	0.0391	1.8E-5	0.0384	2.3E-5	0.0764	5.8E-6	0.0838	7.7E-6	0.0775	9.8E-6	0.0627	8.3E-6
0.0186	3.6E-5	0.0363	2.5E-5	0.0345	2.3E-5	0.0329	2.2E-5	0.0311	2.3E-5	0.0394	1.7E-5	0.0389	2.4E-5	0.0771	5.5E-6	0.0847	7.9E-6	0.0782	9.7E-6	0.0627	8.3E-6
0.0188	3.6E-5	0.0366	2.5E-5	0.0350	2.2E-5	0.0332	2.1E-5	0.0314	2.3E-5	0.0398	1.7E-5	0.0393	2.4E-5	0.0778	5.3E-6	0.0856	8.2E-6	0.0789	9.6E-6	0.0627	8.5E-6
0.0190	3.6E-5	0.0370	2.4E-5	0.0353	2.2E-5	0.0337	2.1E-5	0.0317	2.3E-5	0.0402	1.7E-5	0.0398	2.4E-5	0.0786	5.1E-6	0.0865	8.7E-6	0.0796	9.5E-6	0.0628	8.5E-6
0.0192	3.6E-5	0.0374	2.4E-5	0.0357	2.0E-5	0.0341	2.1E-5	0.0320	2.3E-5	0.0407	1.7E-5	0.0403	2.3E-5	0.0795	4.9E-6	0.0873	9.6E-6	0.0802	9.5E-6	0.0630	8.2E-6
0.0194	3.6E-5	0.0378	2.3E-5	0.0361	1.9E-5	0.0345	2.1E-5	0.0323	2.3E-5	0.0412	1.7E-5	0.0408	2.3E-5	0.0804	5.0E-6	0.0881	1.0E-5	0.0809	9.5E-6	0.0634	7.8E-6
0.0196	3.6E-5	0.0381	2.2E-5	0.0365	1.8E-5	0.0350	2.0E-5	0.0327	2.3E-5	0.0418	1.7E-5	0.0413	2.3E-5	0.0813	5.2E-6	0.0889	1.2E-5	0.0815	9.7E-6	0.0640	7.5E-6
0.0198	3.6E-5	0.0386	2.1E-5	0.0369	1.9E-5	0.0354	2.0E-5	0.0331	2.3E-5	0.0423	1.7E-5	0.0419	2.3E-5	0.0822	5.3E-6	0.0897	1.2E-5	0.0822	9.7E-6	0.0646	7.2E-6
0.0200	3.7E-5	0.0390	2.0E-5	0.0373	1.9E-5	0.0359	1.9E-5	0.0334	2.3E-5	0.0429	1.7E-5	0.0424	2.3E-5	0.0832	5.9E-6	0.0904	1.3E-5	0.0828	9.8E-6	0.0654	6.8E-6
0.0202	3.7E-5	0.0394	2.0E-5	0.0377	1.9E-5	0.0364	1.9E-5	0.0337	2.3E-5	0.0435	1.7E-5	0.0430	2.2E-5	0.0842	6.2E-6	0.0911	1.3E-5	0.0835	9.8E-6	0.0663	6.5E-6
0.0205	3.7E-5	0.0398	2.0E-5	0.0380	1.8E-5	0.0369	1.8E-5	0.0341	2.2E-5	0.0441	1.7E-5	0.0435	2.3E-5	0.0851	6.1E-6	0.0918	1.3E-5	0.0841	9.7E-6	0.0671	6.5E-6
0.0208	3.7E-5	0.0403	1.9E-5	0.0384	1.8E-5	0.0374	1.7E-5	0.0344	2.2E-5	0.0446	1.7E-5	0.0441	2.3E-5	0.0861	5.9E-6	0.0924	1.2E-5	0.0847	9.5E-6	0.0680	6.5E-6
0.0210	3.6E-5	0.0407	1.9E-5	0.0388	1.7E-5	0.0379	1.7E-5	0.0348	2.2E-5	0.0452	1.7E-5	0.0447	2.3E-5	0.0871	5.9E-6	0.0931	1.2E-5	0.0853	9.4E-6	0.0688	6.5E-6
0.0213	3.6E-5	0.0411	1.8E-5	0.0392	1.7E-5	0.0383	1.7E-5	0.0352	2.2E-5	0.0458	1.6E-5	0.0453	2.2E-5	0.0881	6.0E-6	0.0938	1.1E-5	0.0859	9.4E-6	0.0696	6.6E-6
0.0215	3.6E-5	0.0415	1.7E-5	0.0394	1.7E-5	0.0388	1.6E-5	0.0356	2.2E-5	0.0463	1.6E-5	0.0458	2.2E-5	0.0891	6.3E-6	0.0944	1.1E-5	0.0866	9.6E-6	0.0704	6.7E-6
0.0218	3.6E-5	0.0419	1.6E-5	0.0397	1.7E-5	0.0393	1.7E-5	0.0360	2.1E-5	0.0468	1.6E-5	0.0463	2.1E-5	0.0900	6.4E-6	0.0951	1.1E-5	0.0872	9.6E-6	0.0712	6.8E-6
0.0221	3.6E-5	0.0423	1.6E-5	0.0400	1.7E-5	0.0398	1.7E-5	0.0365	2.1E-5	0.0474	1.5E-5	0.0469	2.0E-5	0.0909	6.2E-6	0.0959	1.1E-5	0.0878	9.4E-6	0.0719	7.0E-6
0.0223	3.6E-5	0.0427	1.6E-5	0.0403	1.7E-5	0.0403	1.7E-5	0.0369	2.1E-5	0.0480	1.5E-5	0.0474	1.9E-5	0.0918	5.6E-6	0.0966	1.1E-5	0.0884	9.1E-6	0.0726	7.2E-6
0.0225	3.5E-5	0.0431	1.6E-5	0.0406	1.8E-5	0.0408	1.6E-5	0.0374	2.1E-5	0.0485	1.4E-5	0.0480	1.8E-5	0.0926	4.8E-6	0.0973	1.1E-5	0.0891	8.7E-6	0.0733	7.4E-6
0.0228	3.5E-5	0.0436	1.6E-5	0.0409	1.8E-5	0.0413	1.6E-5	0.0378	2.0E-5	0.0490	1.4E-5	0.0484	1.7E-5	0.0935	4.2E-6	0.0980	1.0E-5	0.0897	8.6E-6	0.0739	7.9E-6
0.0230	3.5E-5	0.0440	1.7E-5	0.0412	1.9E-5	0.0418	1.6E-5	0.0382	1.9E-5	0.0495	1.3E-5	0.0489	1.7E-5	0.0943	3.8E-6	0.0987	1.0E-5	0.0904	8.8E-6	0.0746	8.2E-6
0.0232	3.4E-5	0.0445	1.6E-5	0.0415	1.9E-5	0.0423	1.6E-5	0.0387	1.9E-5	0.0501	1.3E-5	0.0494	1.7E-5	0.0951	3.4E-6	0.0993	9.5E-6	0.0910	8.9E-6	0.0753	8.2E-6
0.0235	3.4E-5	0.0449	1.6E-5	0.0418	1.9E-5	0.0428	1.5E-5	0.0391	1.9E-5	0.0506	1.3E-5	0.0499	1.6E-5	0.0958	3.1E-6	0.1000	8.7E-6	0.0917	9.1E-6	0.0759	8.0E-6
0.0237	3.4E-5	0.0454	1.6E-5	0.0421	1.8E-5	0.0433	1.5E-5	0.0395	1.9E-5	0.0511	1.3E-5	0.0504	1.6E-5	0.0966	2.7E-6	0.1007	7.9E-6	0.0924	9.3E-6	0.0765	7.8E-6
0.0239	3.3E-5	0.0459	1.5E-5	0.0425	1.8E-5	0.0438	1.4E-5	0.0400	1.8E-5	0.0516	1.2E-5	0.0509	1.6E-5	0.0973	2.5E-6	0.1014	7.5E-6	0.0930	9.3E-6	0.0771	7.5E-6
0.0241	3.3E-5	0.0464	1.5E-5	0.0430	1.7E-5	0.0442	1.4E-5	0.0405	1.8E-5	0.0520	1.2E-5	0.0515	1.5E-5	0.0981	2.4E-6	0.1020	7.5E-6	0.0938	9.6E-6	0.0776	7.0E-6
0.0244	3.3E-5	0.0468	1.5E-5	0.0435	1.7E-5	0.0447	1.4E-5	0.0409	1.8E-5	0.0525	1.2E-5	0.0520	1.5E-5	0.0988	2.4E-6	0.1026	7.8E-6	0.0945	1.0E-5	0.0782	6.7E-6
0.0246	3.3E-5	0.0473	1.5E-5	0.0439	1.6E-5	0.0452	1.3E-5	0.0414	1.7E-5	0.0529	1.2E-5	0.0525	1.5E-5	0.0996	2.6E-6	0.1033	8.3E-6	0.0952	1.1E-5	0.0788	7.1E-6
0.0249	3.2E-5	0.0477	1.5E-5	0.0444	1.6E-5	0.0456	1.3E-5	0.0419	1.7E-5	0.0534	1.1E-5	0.0531	1.6E-5	0.1003	2.9E-6	0.1039	8.7E-6	0.0959	1.1E-5	0.0794	7.6E-6
0.0251	3.2E-5	0.0482	1.5E-5	0.0449	1.5E-5	0.0460	1.3E-5	0.0423	1.7E-5	0.0538	1.1E-5	0.0536	1.6E-5	0.1011	3.0E-6	0.1046	9.0E-6	0.0966	1.1E-5	0.0800	7.7E-6
0.0254	3.2E-5	0.0486	1.5E-5	0.0453	1.5E-5	0.0464	1.3E-5	0.0428	1.7E-5	0.0543	1.1E-5	0.0540	1.5E-5	0.1018	3.0E-6	0.1052	9.2E-6	0.0972	1.1E-5	0.0806	7.7E-6
0.0256	3.2E-5	0.0491	1.4E-5	0.0458	1.5E-5	0.0468	1.3E-5	0.0433	1.7E-5	0.0547	1.1E-5	0.0545	1.5E-5	0.1025	2.9E-6	0.1058	9.9E-6	0.0979	1.1E-5	0.0813	7.8E-6
0.0259	3.2E-5	0.0495	1.4E-5	0.0462	1.4E-5	0.0471	1.3E-5	0.0438	1.7E-5	0.0551	1.1E-5	0.0549	1.5E-5	0.1032	2.7E-6	0.1064	1.1E-5	0.0986	1.1E-5	0.0819	8.1E-6
0.0262	3.2E-5	0.0500	1.4E-5	0.0465	1.4E-5	0.0475	1.3E-5	0.0442	1.7E-5	0.0555	1.1E-5	0.0553	1.5E-5	0.1038	2.4E-6	0.1070	1.1E-5	0.0992	1.1E-5	0.0825	8.3E-6
0.0265	3.1E-5	0.0504	1.3E-5	0.0469	1.4E-5	0.0478	1.2E-5	0.0447	1.7E-5	0.0558	1.1E-5	0.0558	1.5E-5	0.1045	2.1E-6	0.1076	1.2E-5	0.0998	1.1E-5	0.0832	8.4E-6
0.0268	3.2E-5	0.0509	1.3E-5	0.0473	1.4E-5	0.0481	1.2E-5	0.0452	1.7E-5	0.0563	1.0E-5	0.0562	1.6E-5	0.1051	2.0E-6	0.1082	1.2E-5	0.1004	1.1E-5	0.0839	8.6E-6
0.0271	3.1E-5	0.0514	1.3E-5	0.0477	1.4E-5	0.0485	1.2E-5	0.0456	1.7E-5	0.0568	1.0E-5	0.0566	1.6E-5	0.1057	1.8E-6	0.1087	1.2E-5	0.1010	1.1E-5	0.0845	8.5E-6
0.0273	3.1E-5	0.0518	1.4E-5	0.0481	1.4E-5	0.0489	1.2E-5	0.0461	1.7E-5	0.0573	1.0E-5	0.0569	1.5E-5	0.1063	1.5E-6	0.1092	1.2E-5	0.1014	1.1E-5	0.0852	8.0E-6
0.0276	3.0E-5	0.0523	1.4E-5	0.0486	1.4E-5	0.0494	1.1E-5	0.0465	1.7E-5	0.0578	1.0E-5	0.0573	1.5E-5	0.1068	1.3E-6	0.1097	1.2E-5	0.1019	1.1E-5	0.0859	7.7E-6
0.0279	2.9E-5	0.0527	1.4E-5	0.0490	1.5E-5	0.0497	1.1E-5	0.0469	1.7E-5	0.0583	1.1E-5	0.0577	1.5E-5	0.1071	1.3E-6	0.1101	1.2E-5	0.1023	1.1E-5	0.0866	7.2E-6
0.0281	2.9E-5	0.0532	1.5E-5	0.0495	1.5E-5	0.0501	1.1E-5	0.0474	1.7E-5	0.0588	1.1E-5	0.0582	1.4E-5	0.1071	1.4E-6	0.1106	1.2E-5	0.1026	1.1E-5	0.0873	6.7E-6
0.0283	2.9E-5	0.0536	1.4E-5	0.0499	1.5E-5	0.0505	1.1E-5	0.0477	1.7E-5	0.0593	1.0E-5	0.0586	1.4E-5	0.1071	1.3E-6	0.1110	1.2E-5	0.1028	1.1E-5	0.0880	6.2E-6
0.0285	2.9E-5	0.0541	1.4E-5	0.0504	1.5E-5	0.0508	1.0E-5	0.0481	1.7E-5	0.0597	9.6E-6	0.0591	1.3E-5	0.1071	1.0E-6	0.1113	1.2E-5	0.1031	1.1E-5	0.0887	5.8E-6
0.0286	2.9E-5	0.0546	1.5E-5	0.0509	1.6E-5	0.0512	1.0E-5	0.0485	1.6E-5	0.0601	9.2E-6	0.0595	1.3E-5	0.1071	8.7E-7	0.1114	1.1E-5	0.1034	1.1E-5	0.0895	5.7E-6
0.0288	2.9E-5	0.0550	1.5E-5	0.0513	1.6E-5	0.0515	1.0E-5	0.0489	1.6E-5	0.0605	9.0E-6	0.0600	1.3E-5	0.1071	7.7E-7	0.1114	1.1E-5	0.1036	1.1E-5	0.0901	6.2E-6
0.0291	2.9E-5	0.0555	1.5E-5	0.0518	1.6E-5	0.0519	1.0E-5	0.0492	1.6E-5	0.0609	8.9E-6	0.0605	1.3E-5	0.1071	6.6E-7	0.1114	1.1E-5	0.1039	1.1E-5	0.0908	7.1E-6
0.0293	3.0E-5	0.0559	1.4E-5	0.0523	1.6E-5	0.0522	1.1E-5	0.0495	1.6E-5	0.0613	8.8E-6	0.0610	1.3E-5	0.1071	5.4E-7	0.1114	1.1E-5	0.1042	1.0E-5	0.0915	7.6E-6
0.0295	3.0E-5	0.0564	1.4E-5	0.0528	1.6E-5	0.0525	1.1E-5	0.0498	1.5E-5	0.0616	8.8E-6	0.0615	1.3E-5	0.1071	4.4E-7	0.1114	1.1E-5	0.1045	1.0E-5	0.0921	7.5E-6
0.0297	2.9E-5	0.0568	1.3E-5	0.0533	1.6E-5	0.0528	1.1E-5	0.0501	1.5E-5	0.0620	8.7E-6	0.0621	1.3E-5	0.1071	6.4E-7	0.1114	1.1E-5	0.1047	1.0E-5	0.0927	7.4E-6
0.0300	2.9E-5	0.0571	1.3E-5	0.0538	1.5E-5	0.0531	1.1E-5	0.0505	1.5E-5	0.0623	8.5E-6	0.0626	1.3E-5	0.1071	7.2E-7	0.1114	1.1E-5	0.1050	1.1E-5	0.0934	7.0E-6
0.0302	2.9E-5	0.0575	1.4E-5	0.0544	1.5E-5	0.0535	1.1E-5	0.0509	1.5E-5	0.0626	8.1E-6	0.0631	1.2E-5	0.1071	6.9E-7	0.1114	1.0E-5	0.1052	1.2E-5	0.0940	6.4E-6
0.0304	2.8E-5	0.0579	1.4E-5	0.0549	1.5E-5	0.0538	1.2E-5	0.0512	1.4E-5	0.0630	7.6E-6	0.0636	1.1E-5	0.1071	7.6E-7	0.1114	9.8E-6	0.1054	1.2E-5	0.0945	6.0E-6
0.0306	2.8E-5	0.0583	1.4E-5	0.0554	1.5E-5	0.0542	1.2E-5	0.0516	1.4E-5	0.0634	7.4E-6	0.0642	9.8E-6	0.1071	8.3E-7	0.1114	9.4E-6	0.1053	1.2E-5	0.0951	5.7E-6
0.0308	2.8E-5	0.0587	1.4E-5	0.0559	1.5E-5	0.0546	1.2E-5	0.0520	1.4E-5	0.0638	7.5E-6	0.0647	9.0E-6	0.1071	9.7E-7	0.1114	9.1E-6	0.1053	1.1E-5	0.0956	6.2E-6
0.0310	2.7E-5	0.0591	1.4E-5	0.0565	1.4E-5	0.0551	1.1E-5	0.0523	1.3E-5	0.0641	7.5E-6	0.0652	8.5E-6	0.1071	1.1E-6	0.1114	9.0E-6	0.1053	1.1E-5	0.0961	6.4E-6
0.0312	2.7E-5	0.0595	1.4E-5	0.0569	1.4E-5	0.0555	1.1E-5	0.0527	1.3E-5	0.0646	7.2E-6	0.0656	8.5E-6	0.1071	1.2E-6	0.1114	9.1E-6	0.1054	1.0E-5	0.0966	6.1E-6
0.0314	2.7E-5	0.0598	1.3E-5	0.0574	1.4E-5	0.0559	1.1E-5	0.0531	1.2E-5	0.0650	6.6E-6	0.0662	8.5E-6	0.1071	1.3E-6	0.1114	9.5E-6	0.1053		0.0971	5.7E-6
0.0316	2.7E-5	0.0601	1.3E-5	0.0579	1.4E-5	0.0563	1.1E-5	0.0534	1.2E-5	0.0654	5.9E-6	0.0667	8.6E-6	0.1071	1.5E-6	0.1114	1.0E-5			0.0976	5.3E-6
0.0318	2.6E-5	0.0604	1.3E-5	0.0584	1.4E-5	0.0567	1.2E-5	0.0538	1.1E-5	0.0659	5.4E-6	0.0673	8.8E-6	0.1071	1.7E-6	0.1114	1.0E-5			0.0981	5.1E-6
0.0320	2.6E-5	0.0608	1.3E-5	0.0588	1.4E-5	0.0570	1.2E-5	0.0541	1.1E-5	0.0663	5.1E-6	0.0680	9.2E-6	0.1071	1.7E-6	0.1114	1.0E-5			0.0985	5.1E-6
0.0323	2.6E-5	0.0612	1.3E-5	0.0592	1.3E-5	0.0574	1.2E-5	0.0544	1.1E-5	0.0667	4.8E-6	0.0687	9.6E-6	0.1071	1.7E-6	0.1114	1.0E-5			0.0989	5.1E-6
0.0324	2.7E-5	0.0616	1.3E-5	0.0596	1.3E-5	0.0578	1.2E-5	0.0548	1.1E-5	0.0671	4.6E-6	0.0693	9.9E-6	0.1071	1.7E-6	0.1114	1.0E-5			0.0994	4.9E-6
0.0327	2.7E-5	0.0621	1.2E-5	0.0600	1.3E-5	0.0582	1.2E-5	0.0552	1.0E-5	0.0675	4.6E-6	0.0699	9.7E-6	0.1071	1.5E-6	0.1114	1.0E-5			0.0998	4.6E-6
0.0329	2.7E-5	0.0626	1.3E-5	0.0604	1.3E-5	0.0586	1.1E-5	0.0556	1.0E-5	0.0679	4.9E-6	0.0704	9.4E-6	0.1071	1.4E-6	0.1114	1.1E-5			0.1002	4.2E-6
0.0331	2.7E-5	0.0631	1.3E-5	0.0609	1.3E-5	0.0590	1.1E-5	0.0560	1.0E-5	0.0684	5.1E-6	0.0711	9.0E-6	0.1071	1.2E-6	0.1114	1.1E-5			0.1007	3.7E-6
0.0333	2.7E-5	0.0636	1.2E-5	0.0613	1.3E-5	0.0594	1.1E-5	0.0564	1.0E-5	0.0688	5.2E-6	0.0717	8.5E-6	0.1071	1.1E-6	0.1114	1.1E-5			0.1011	3.1E-6
0.0336	2.7E-5	0.0640	1.2E-5	0.0617	1.3E-5	0.0598	1.1E-5	0.0568	9.6E-6	0.0692	5.0E-6	0.0724	8.3E-6	0.1071		0.1114	1.1E-5			0.1016	2.8E-6
0.0338	2.7E-5	0.0645	1.2E-5	0.0621	1.3E-5	0.0602	1.1E-5	0.0572	9.0E-6	0.0697	4.6E-6	0.0730	7.8E-6			0.1114	1.0E-5			0.1020	2.8E-6
0.0340	2.7E-5	0.0649	1.2E-5	0.0624	1.3E-5	0.0606	1.0E-5	0.0576	8.5E-6	0.0701	4.2E-6	0.0737	7.1E-6			0.1114	1.0E-5			0.1024	3.1E-6
0.0343	2.7E-5	0.0654	1.2E-5	0.0628	1.3E-5	0.0611	1.0E-5	0.0580	8.2E-6	0.0706	3.9E-6	0.0743	6.6E-6			0.1114	9.5E-6			0.1028	3.4E-6
0.0345	2.6E-5	0.0658	1.2E-5	0.0632	1.3E-5	0.0616	1.0E-5	0.0584	8.1E-6	0.0710	4.0E-6	0.0749	6.4E-6			0.1114	8.8E-6			0.1032	3.6E-6
0.0347	2.6E-5	0.0662	1.2E-5	0.0637	1.3E-5	0.0621	1.1E-5	0.0589	8.2E-6	0.0715	4.1E-6	0.0755	6.2E-6			0.1114	8.3E-6			0.1037	3.7E-6
0.0350	2.6E-5	0.0666	1.2E-5	0.0640	1.3E-5	0.0626	1.1E-5	0.0593	8.4E-6	0.0719	4.3E-6	0.0761	6.4E-6			0.1114	7.8E-6			0.1042	3.7E-6
0.0352	2.5E-5	0.0670	1.2E-5	0.0644	1.3E-5	0.0632	1.1E-5	0.0596	8.6E-6	0.0723	4.5E-6	0.0767	6.9E-6			0.1114	7.8E-6			0.1046	3.6E-6
0.0355	2.5E-5	0.0675	1.2E-5	0.0648	1.2E-5	0.0637	1.1E-5	0.0601	8.7E-6	0.0727	4.7E-6	0.0772	7.8E-6			0.1114	8.1E-6			0.1051	3.7E-6
0.0358	2.4E-5	0.0679	1.1E-5	0.0653	1.2E-5	0.0641	1.1E-5	0.0605	8.6E-6	0.0732	4.8E-6	0.0778	8.4E-6			0.1114	8.5E-6			0.1055	3.8E-6
0.0361	2.4E-5	0.0682	1.0E-5	0.0657	1.1E-5	0.0645	1.1E-5	0.0609	8.5E-6	0.0737	5.0E-6	0.0783	9.0E-6			0.1114	8.8E-6			0.1060	4.3E-6
0.0364	2.4E-5	0.0687	9.9E-6	0.0662	1.1E-5	0.0651	1.1E-5	0.0613	8.5E-6	0.0742	5.0E-6	0.0789	9.2E-6			0.1114	9.0E-6			0.1064	5.0E-6
0.0366	2.4E-5	0.0691	9.8E-6	0.0667	1.1E-5	0.0656	1.0E-5	0.0617	8.3E-6	0.0747	5.0E-6	0.0795	9.3E-6			0.1114	9.3E-6			0.1066	5.4E-6
0.0369	2.4E-5	0.0695	1.0E-5	0.0673	1.1E-5	0.0661	9.4E-6	0.0621	8.0E-6	0.0752	5.2E-6	0.0801	9.6E-6			0.1114	9.5E-6			0.1066	5.4E-6
0.0372	2.3E-5	0.0699	1.0E-5	0.0678	1.0E-5	0.0666	8.7E-6	0.0625	7.8E-6	0.0757	5.6E-6	0.0806	1.0E-5			0.1114				0.1066	5.5E-6
0.0374	2.3E-5	0.0703	9.7E-6	0.0682	1.0E-5	0.0671	8.2E-6	0.0630	7.6E-6	0.0762	5.9E-6	0.0812	9.9E-6							0.1066	5.9E-6
0.0377	2.2E-5	0.0707	9.8E-6	0.0687	1.0E-5	0.0677	7.7E-6	0.0634	7.5E-6	0.0768	5.9E-6	0.0817	9.4E-6							0.1066	6.3E-6
0.0380	2.2E-5	0.0711	9.9E-6	0.0692	1.0E-5	0.0682	7.5E-6	0.0638	7.4E-6	0.0773	5.8E-6	0.0823	8.9E-6							0.1066	6.5E-6
0.0383	2.2E-5	0.0714	1.0E-5	0.0696	1.0E-5	0.0687	7.3E-6	0.0643	7.2E-6	0.0779	5.6E-6	0.0828	8.4E-6							0.1066	6.8E-6
0.0385	2.2E-5	0.0718	1.0E-5	0.0701	1.0E-5	0.0693	7.2E-6	0.0648	7.1E-6	0.0784	5.6E-6	0.0833	8.0E-6							0.1066	7.2E-6
0.0388	2.2E-5	0.0723	1.0E-5	0.0705	1.0E-5	0.0698	7.2E-6	0.0652	7.1E-6	0.0789	5.6E-6	0.0838	7.8E-6							0.1066	7.9E-6
0.0390	2.2E-5	0.0726	1.1E-5	0.0710	1.1E-5	0.0704	7.2E-6	0.0656	7.0E-6	0.0794	5.6E-6	0.0842	7.9E-6							0.1066	8.4E-6
0.0393	2.3E-5	0.0730	1.1E-5	0.0714	1.1E-5	0.0709	7.2E-6	0.0661	6.9E-6	0.0798	5.7E-6	0.0846	8.3E-6							0.1066	
0.0395	2.3E-5	0.0733	1.1E-5	0.0718	1.1E-5	0.0714	7.3E-6	0.0666	6.8E-6	0.0803	5.7E-6	0.0850	8.9E-6								
0.0396	2.2E-5	0.0736	1.1E-5	0.0722	1.1E-5	0.0719	7.4E-6	0.0670	6.7E-6	0.0808	5.6E-6	0.0854	8.8E-6								
0.0397	2.2E-5	0.0739	1.1E-5	0.0726	1.1E-5	0.0724	7.3E-6	0.0676	6.8E-6	0.0813	5.5E-6	0.0857	8.3E-6								
0.0398	2.1E-5	0.0743	1.1E-5	0.0730	1.1E-5	0.0730	7.3E-6	0.0681	6.7E-6	0.0817	5.2E-6	0.0861	7.7E-6								
0.0399	2.1E-5	0.0747	1.0E-5	0.0734	1.1E-5	0.0735	7.3E-6	0.0685	6.7E-6	0.0822	5.0E-6	0.0865	7.5E-6								
0.0400	2.1E-5	0.0751	1.0E-5	0.0738	1.1E-5	0.0740	7.2E-6	0.0690	6.6E-6	0.0826	4.8E-6	0.0869	7.5E-6								
0.0401	2.1E-5	0.0755	1.0E-5	0.0742	1.1E-5	0.0745	6.9E-6	0.0695	6.7E-6	0.0831	4.9E-6	0.0874	7.4E-6								
0.0403	2.1E-5	0.0759	9.9E-6	0.0746	1.1E-5	0.0749	6.7E-6	0.0700	6.8E-6	0.0836	5.1E-6	0.0878	7.3E-6								
0.0404	2.1E-5	0.0763	9.6E-6	0.0750	1.1E-5	0.0754	6.8E-6	0.0705	6.8E-6	0.0840	5.0E-6	0.0882	7.0E-6								
0.0406	2.1E-5	0.0768	9.3E-6	0.0754	1.1E-5	0.0758	7.0E-6	0.0710	6.9E-6	0.0845	4.7E-6	0.0887	6.6E-6								
0.0407	2.1E-5	0.0774	9.2E-6	0.0758	1.1E-5	0.0762	7.1E-6	0.0715	7.1E-6	0.0849	4.6E-6	0.0891	6.2E-6								
0.0409	2.2E-5	0.0779	9.2E-6	0.0761	1.1E-5	0.0767	6.9E-6	0.0719	7.5E-6	0.0854	4.7E-6	0.0896	5.8E-6								
0.0411	2.2E-5	0.0784	9.4E-6	0.0765	1.1E-5	0.0771	6.7E-6	0.0724	8.0E-6	0.0859	4.9E-6	0.0900	5.7E-6								
0.0413	2.2E-5	0.0789	9.3E-6	0.0768	1.1E-5	0.0775	6.6E-6	0.0729	8.5E-6	0.0863	5.3E-6	0.0905	5.6E-6								
0.0414	2.3E-5	0.0794	9.3E-6	0.0772	1.1E-5	0.0779	6.4E-6	0.0733	9.1E-6	0.0867	5.0E-6	0.0909	6.0E-6								
0.0416	2.3E-5	0.0798	9.2E-6	0.0776	1.1E-5	0.0782	6.1E-6	0.0737	9.5E-6	0.0871	4.8E-6	0.0913	6.7E-6								
0.0418	2.3E-5	0.0803	9.1E-6	0.0780	1.1E-5	0.0786	5.9E-6	0.0742	9.8E-6	0.0875	4.6E-6	0.0918	6.8E-6								
0.0421	2.3E-5	0.0808	8.8E-6	0.0784	1.1E-5	0.0788	5.8E-6	0.0746	1.0E-5	0.0879	4.4E-6	0.0922	6.2E-6								
0.0423	2.3E-5	0.0812	8.2E-6	0.0787	1.0E-5	0.0791	6.2E-6	0.0750	1.0E-5	0.0883	4.2E-6	0.0925	5.5E-6								
0.0426	2.2E-5	0.0817	8.0E-6	0.0791	1.0E-5	0.0793	6.8E-6	0.0755	1.0E-5	0.0887	4.1E-6	0.0930	5.2E-6								
0.0428	2.2E-5	0.0822	8.0E-6	0.0795	9.9E-6	0.0796	6.7E-6	0.0759	1.0E-5	0.0890	3.9E-6	0.0934	4.9E-6								
0.0431	2.2E-5	0.0826	8.0E-6	0.0798	9.7E-6	0.0798	6.5E-6	0.0763	9.6E-6	0.0894	3.8E-6	0.0938	4.6E-6								
0.0434	2.2E-5	0.0831	8.1E-6	0.0802	9.4E-6	0.0802	6.4E-6	0.0767	9.3E-6	0.0897	4.1E-6	0.0942	4.2E-6								
0.0438	2.1E-5	0.0835	8.2E-6	0.0805	9.2E-6	0.0806	6.4E-6	0.0771	9.0E-6	0.0901	4.5E-6	0.0946	4.0E-6								
0.0441	2.1E-5	0.0840	8.4E-6	0.0809	9.1E-6	0.0810	6.5E-6	0.0775	8.6E-6	0.0904	5.1E-6	0.0951	3.9E-6								
0.0444	2.0E-5	0.0845	8.4E-6	0.0812	9.0E-6	0.0814	6.4E-6	0.0779	8.4E-6	0.0907	5.4E-6	0.0955	4.1E-6								
0.0447	2.0E-5	0.0850	8.5E-6	0.0815	9.1E-6	0.0818	6.3E-6	0.0783	8.3E-6	0.0911	5.2E-6	0.0960	4.0E-6								
0.0451	2.0E-5	0.0855	8.8E-6	0.0819	9.0E-6	0.0823	6.0E-6	0.0786	8.2E-6	0.0914	5.0E-6	0.0965	3.6E-6								
0.0454	2.0E-5	0.0860	8.7E-6	0.0822	8.9E-6	0.0827	5.8E-6	0.0790	7.8E-6	0.0918	5.0E-6	0.0971	3.2E-6								
0.0457	2.0E-5	0.0865	8.5E-6	0.0826	8.8E-6	0.0831	5.6E-6	0.0793	7.6E-6	0.0922	5.0E-6	0.0976	2.7E-6								
0.0459	2.0E-5	0.0870	8.4E-6	0.0830	8.7E-6	0.0835	5.5E-6	0.0796	7.8E-6	0.0926	4.8E-6	0.0982	2.4E-6								
0.0462	2.0E-5	0.0875	8.3E-6	0.0834	8.5E-6	0.0839	5.7E-6	0.0799	8.0E-6	0.0930	4.6E-6	0.0987	2.1E-6								
0.0464	2.0E-5	0.0881	8.1E-6	0.0837	8.5E-6	0.0844	5.8E-6	0.0801	8.0E-6	0.0934	4.7E-6	0.0993	1.9E-6								
0.0467	1.9E-5	0.0886	7.8E-6	0.0840	8.5E-6	0.0848	5.8E-6	0.0803	8.0E-6	0.0938	4.9E-6	0.0999	1.6E-6								
0.0469	1.9E-5	0.0892	7.8E-6	0.0843	8.6E-6	0.0852	5.8E-6	0.0806	8.0E-6	0.0942	5.1E-6	0.1006	1.4E-6								
0.0471	1.9E-5	0.0897	7.8E-6	0.0847	8.5E-6	0.0855	5.8E-6	0.0808	8.5E-6	0.0947	5.1E-6	0.1012	1.2E-6								
0.0474	1.9E-5	0.0902	7.9E-6	0.0851	8.4E-6	0.0859	5.7E-6	0.0811	9.0E-6	0.0951	5.0E-6	0.1017	1.2E-6								
0.0476	1.9E-5	0.0907	7.9E-6	0.0855	8.2E-6	0.0864	5.6E-6	0.0815	9.9E-6	0.0956	4.7E-6	0.1022	1.4E-6								
0.0477	1.9E-5	0.0913	7.8E-6	0.0859	8.0E-6	0.0868	5.6E-6	0.0818	1.1E-5	0.0961	4.5E-6	0.1026	1.7E-6								
0.0479	1.9E-5	0.0918	7.7E-6	0.0864	7.9E-6	0.0873	5.3E-6	0.0822	1.1E-5	0.0966	4.3E-6	0.1031	2.0E-6								
0.0481	1.8E-5	0.0923	7.8E-6	0.0869	7.8E-6	0.0878	5.1E-6	0.0826	1.1E-5	0.0971	4.0E-6	0.1035	2.2E-6								
0.0483	1.8E-5	0.0927	8.1E-6	0.0874	7.9E-6	0.0882	4.8E-6	0.0829	1.1E-5	0.0976	3.7E-6	0.1039	2.8E-6								
0.0485	1.8E-5	0.0932	8.7E-6	0.0879	7.7E-6	0.0888	4.7E-6	0.0833	1.1E-5	0.0981	3.4E-6	0.1042	3.3E-6								
0.0488	1.7E-5	0.0937	9.1E-6	0.0884	7.2E-6	0.0893	4.8E-6	0.0836	1.1E-5	0.0986	3.4E-6	0.1046	3.4E-6								
0.0490	1.7E-5	0.0941	9.4E-6	0.0889	6.7E-6	0.0898	4.8E-6	0.0840	1.2E-5	0.0991	3.4E-6	0.1051	3.4E-6								
0.0493	1.7E-5	0.0946	9.4E-6	0.0894	6.2E-6	0.0902	4.8E-6	0.0843	1.3E-5	0.0997	3.4E-6	0.1055	3.4E-6								
0.0495	1.7E-5	0.0950	9.6E-6	0.0899	5.6E-6	0.0907	4.7E-6	0.0847	1.3E-5	0.1002	3.5E-6	0.1060	3.5E-6								
0.0497	1.8E-5	0.0954	9.6E-6	0.0904	5.5E-6	0.0911	4.8E-6	0.0851	1.2E-5	0.1007	3.7E-6	0.1065	3.5E-6								
0.0500	1.8E-5	0.0958	9.1E-6	0.0910	5.8E-6	0.0916	5.1E-6	0.0854	1.2E-5	0.1013	3.9E-6	0.1070	3.4E-6								
0.0503	1.8E-5	0.0961	8.7E-6	0.0915	5.7E-6	0.0920	5.3E-6	0.0858	1.2E-5	0.1018	4.0E-6	0.1075	3.4E-6								
0.0505	1.8E-5	0.0965	8.6E-6	0.0920	5.6E-6	0.0924	5.0E-6	0.0862	1.2E-5	0.1022	4.0E-6	0.1080	3.5E-6								
0.0508	1.8E-5	0.0968	8.4E-6	0.0925	5.3E-6	0.0928	4.3E-6	0.0866	1.1E-5	0.1026	3.6E-6	0.1085	3.4E-6								
0.0510	1.7E-5	0.0972	8.2E-6	0.0930	5.1E-6	0.0932	3.6E-6	0.0870	1.2E-5	0.1030	3.1E-6	0.1091	3.4E-6								
0.0513	1.7E-5	0.0976	8.1E-6	0.0935	5.6E-6	0.0936	3.4E-6	0.0873	1.1E-5	0.1034	3.1E-6	0.1096	3.1E-6								
0.0516	1.7E-5	0.0979	7.9E-6	0.0940	6.5E-6	0.0940	3.6E-6	0.0877	1.1E-5	0.1038	3.3E-6	0.1101	2.9E-6								
0.0518	1.7E-5	0.0982	7.9E-6	0.0944	7.3E-6	0.0944	3.8E-6	0.0881	1.1E-5	0.1042	3.4E-6	0.1107	2.7E-6								
0.0521	1.7E-5	0.0985	7.9E-6	0.0949	8.3E-6	0.0948	4.1E-6	0.0884	1.0E-5	0.1046	3.6E-6	0.1112	2.6E-6								
0.0523	1.8E-5	0.0989	7.8E-6	0.0954	9.1E-6	0.0952	4.3E-6	0.0888	9.9E-6	0.1050	3.9E-6	0.1117	2.6E-6								
0.0525	1.8E-5	0.0993	7.7E-6	0.0958	9.6E-6	0.0957	4.4E-6	0.0892	9.8E-6	0.1054	4.2E-6	0.1123	2.4E-6								
0.0527	1.9E-5	0.0997	7.5E-6	0.0963	1.0E-5	0.0962	4.6E-6	0.0896	9.6E-6	0.1058	4.4E-6	0.1128	2.1E-6								
0.0529	1.9E-5	0.1001	7.3E-6	0.0967	1.0E-5	0.0967	4.5E-6	0.0899	9.4E-6	0.1062	4.3E-6	0.1133	1.5E-6								
0.0530	1.9E-5	0.1006	7.2E-6	0.0972	1.1E-5	0.0970	4.2E-6	0.0903	9.1E-6	0.1065	4.0E-6	0.1138	7.2E-7								
0.0532	1.9E-5	0.1010	7.1E-6	0.0976	1.1E-5	0.0974	4.1E-6	0.0906	8.8E-6	0.1069	3.7E-6	0.1143	3.5E-7								
0.0534	1.8E-5	0.1014	6.9E-6	0.0980	1.0E-5	0.0978	3.8E-6	0.0910	8.5E-6	0.1072	3.8E-6	0.1148	4.3E-7								
0.0536	1.8E-5	0.1018	6.7E-6	0.0984	1.0E-5	0.0982	3.5E-6	0.0913	8.3E-6	0.1075	3.9E-6	0.1152	6.0E-7								
0.0538	1.8E-5	0.1022	6.4E-6	0.0988	1.0E-5	0.0986	3.3E-6	0.0916	8.2E-6	0.1078	3.7E-6	0.1157	1.0E-6								
0.0540	1.7E-5	0.1026	6.3E-6	0.0992	1.0E-5	0.0991	2.8E-6	0.0920	8.1E-6	0.1081	3.5E-6	0.1161	1.5E-6								
0.0542	1.7E-5	0.1029	6.5E-6	0.0995	9.8E-6	0.0995	2.2E-6	0.0923	8.0E-6	0.1083	3.4E-6	0.1166	1.8E-6								
0.0544	1.7E-5	0.1032	6.9E-6	0.0999	9.5E-6	0.0999	1.7E-6	0.0926	8.0E-6	0.1086	3.2E-6	0.1170	1.8E-6								
0.0547	1.6E-5	0.1035	7.0E-6	0.1002	9.1E-6	0.1005	1.8E-6	0.0930	7.8E-6	0.1088	2.9E-6	0.1174	1.7E-6								
0.0549	1.6E-5	0.1039	6.9E-6	0.1006	8.7E-6	0.1010	2.0E-6	0.0934	7.7E-6	0.1089	2.8E-6	0.1178	1.4E-6								
0.0552	1.6E-5	0.1042	7.0E-6	0.1010	8.4E-6	0.1015	2.0E-6	0.0939	7.5E-6	0.1090	2.7E-6	0.1182	1.3E-6								
0.0554	1.6E-5	0.1046	7.0E-6	0.1013	8.2E-6	0.1020	2.0E-6	0.0944	7.4E-6	0.1091	2.5E-6	0.1186	1.0E-6								
0.0557	1.6E-5	0.1050	7.0E-6	0.1017	7.9E-6	0.1026	2.2E-6	0.0949	7.2E-6	0.1093	2.4E-6	0.1190	8.6E-7								
0.0560	1.6E-5	0.1053	7.0E-6	0.1021	7.7E-6	0.1031	2.7E-6	0.0954	7.4E-6	0.1093	2.2E-6	0.1193	8.2E-7								
0.0562	1.6E-5	0.1056	7.0E-6	0.1025	7.8E-6	0.1036	2.9E-6	0.0960	7.8E-6	0.1094	2.1E-6	0.1197	8.9E-7								
0.0565	1.6E-5	0.1060	7.0E-6	0.1028	7.8E-6	0.1042	2.8E-6	0.0964	8.1E-6	0.1094	2.1E-6	0.1200	1.0E-6								
0.0568	1.6E-5	0.1065	6.9E-6	0.1031	7.9E-6	0.1047	2.2E-6	0.0969	8.3E-6	0.1094	2.1E-6	0.1203	1.1E-6								
0.0571	1.6E-5	0.1069	6.8E-6	0.1035	7.9E-6	0.1052	1.8E-6	0.0973	8.3E-6	0.1094	2.2E-6	0.1207	1.2E-6								
0.0574	1.6E-5	0.1073	6.8E-6	0.1040	7.7E-6	0.1057	1.8E-6	0.0978	8.2E-6	0.1094	2.4E-6	0.1210	1.2E-6								
0.0577	1.6E-5	0.1077	6.8E-6	0.1044	7.6E-6	0.1062	1.9E-6	0.0983	8.3E-6	0.1094	2.5E-6	0.1212	1.1E-6								
0.0579	1.6E-5	0.1081	6.7E-6	0.1048	7.6E-6	0.1068	2.1E-6	0.0988	8.6E-6	0.1094	2.7E-6	0.1215	9.7E-7								
0.0582	1.6E-5	0.1085	6.9E-6	0.1053	7.4E-6	0.1072	2.3E-6	0.0992	8.5E-6	0.1094	3.0E-6	0.1217	9.3E-7								
0.0585	1.5E-5	0.1088	7.5E-6	0.1057	7.4E-6	0.1077	2.4E-6	0.0997	8.4E-6	0.1094	3.3E-6	0.1218	1.2E-6								
0.0588	1.5E-5	0.1092	8.4E-6	0.1062	7.3E-6	0.1082	2.5E-6	0.1001	8.3E-6	0.1094	3.7E-6	0.1218	1.6E-6								
0.0591	1.5E-5	0.1096	9.4E-6	0.1066	7.2E-6	0.1087	2.5E-6	0.1005	8.2E-6	0.1094	4.1E-6	0.1218	1.8E-6								
0.0594	1.5E-5	0.1098	9.8E-6	0.1070	7.0E-6	0.1091	2.5E-6	0.1009	8.1E-6	0.1094	4.7E-6	0.1218	2.0E-6								
0.0596	1.5E-5	0.1101	9.8E-6	0.1074	7.2E-6	0.1096	2.4E-6	0.1013	7.9E-6	0.1094	5.1E-6	0.1218	2.0E-6								
0.0599	1.5E-5	0.1104	9.9E-6	0.1077	7.2E-6	0.1100	2.3E-6	0.1018	8.1E-6	0.1094	5.3E-6	0.1218	2.0E-6								
0.0601	1.5E-5	0.1107	1.0E-5	0.1081	7.1E-6	0.1104	2.2E-6	0.1022	8.9E-6	0.1094	5.2E-6	0.1218	2.0E-6								
0.0604	1.5E-5	0.1110	1.0E-5	0.1085	7.2E-6	0.1109	2.3E-6	0.1026	9.5E-6	0.1094	5.1E-6	0.1218	2.0E-6								
0.0606	1.5E-5	0.1112	9.7E-6	0.1089	7.3E-6	0.1112	2.3E-6	0.1030	9.9E-6	0.1094	4.9E-6	0.1218	1.9E-6								
0.0608	1.4E-5	0.1115	9.2E-6	0.1093	7.5E-6	0.1116	2.3E-6	0.1034	1.0E-5	0.1094	4.8E-6	0.1218	1.9E-6								
0.0611	1.4E-5	0.1118	8.8E-6	0.1097	7.5E-6	0.1120	2.2E-6	0.1038	1.0E-5	0.1094	4.6E-6	0.1218	2.0E-6								
0.0613	1.4E-5	0.1121	8.5E-6	0.1101	7.4E-6	0.1124	2.5E-6	0.1042	9.8E-6	0.1094	4.5E-6	0.1218	2.2E-6								
0.0615	1.4E-5	0.1125	8.4E-6	0.1106	7.5E-6	0.1127	3.1E-6	0.1046	9.6E-6	0.1094	4.5E-6	0.1218	2.1E-6								
0.0617	1.4E-5	0.1129	8.7E-6	0.1111	7.5E-6	0.1131	3.3E-6	0.1050	9.5E-6	0.1094	4.6E-6	0.1218	2.0E-6								
0.0620	1.5E-5	0.1133	9.0E-6	0.1116	7.7E-6	0.1134	3.1E-6	0.1054	9.5E-6	0.1094	4.7E-6	0.1218	2.0E-6								
0.0622	1.5E-5	0.1137	9.0E-6	0.1121	7.8E-6	0.1137	2.7E-6	0.1057	9.5E-6	0.1094	4.9E-6	0.1218	2.0E-6								
0.0625	1.5E-5	0.1141	8.7E-6	0.1127	7.9E-6	0.1141	2.7E-6	0.1060	9.6E-6	0.1094	5.0E-6	0.1218	2.0E-6								
0.0627	1.4E-5	0.1145	8.6E-6	0.1132	8.0E-6	0.1144	2.8E-6	0.1063	9.6E-6	0.1094	5.1E-6	0.1218	2.1E-6								
0.0630	1.4E-5	0.1149	8.3E-6	0.1137	8.0E-6	0.1147	2.6E-6	0.1067	9.8E-6	0.1094		0.1218	2.4E-6								
0.0632	1.4E-5	0.1152	7.6E-6	0.1141	8.2E-6	0.1151	2.1E-6	0.1070	1.0E-5			0.1218	2.4E-6								
0.0635	1.4E-5	0.1154	7.0E-6	0.1146	8.6E-6	0.1154	1.6E-6	0.1073	1.0E-5			0.1218	2.6E-6								
0.0637	1.4E-5	0.1158	6.5E-6	0.1150	9.4E-6	0.1157	1.4E-6	0.1076	1.0E-5			0.1218	3.2E-6								
0.0640	1.4E-5	0.1161	6.1E-6	0.1153	1.0E-5	0.1161	1.3E-6	0.1079	1.1E-5			0.1218	3.4E-6								
0.0642	1.4E-5	0.1163	6.0E-6	0.1156	1.1E-5	0.1164	1.3E-6	0.1082	1.1E-5			0.1218	3.4E-6								
0.0643	1.3E-5	0.1165	6.2E-6	0.1160	1.1E-5	0.1167	1.5E-6	0.1085	1.0E-5			0.1218	3.1E-6								
0.0645	1.3E-5	0.1166	6.3E-6	0.1163	1.1E-5	0.1170	1.8E-6	0.1088	1.0E-5			0.1218	3.0E-6								
0.0646	1.3E-5	0.1166	6.5E-6	0.1167	1.1E-5	0.1173	1.9E-6	0.1091	9.9E-6			0.1218	3.1E-6								
0.0647	1.2E-5	0.1166	6.5E-6	0.1170	1.0E-5	0.1175	1.9E-6	0.1094	9.6E-6			0.1218	3.3E-6								
0.0647	1.2E-5	0.1166	6.6E-6	0.1174	9.4E-6	0.1177	1.6E-6	0.1097	9.7E-6			0.1218	3.5E-6								
0.0647	1.2E-5	0.1165	6.5E-6	0.1177	8.7E-6	0.1179	1.1E-6	0.1100	9.6E-6			0.1218	3.6E-6								
0.0648	1.3E-5	0.1165	6.5E-6	0.1181	8.3E-6	0.1180	6.2E-7	0.1103	9.4E-6			0.1218	3.5E-6								
0.0648	1.3E-5	0.1165	6.4E-6	0.1184	8.0E-6	0.1180	1.7E-7	0.1107	9.1E-6			0.1218									
0.0650	1.4E-5	0.1165	6.3E-6	0.1187	7.5E-6	0.1180	-1.8E-7	0.1110	8.9E-6												
0.0651	1.4E-5	0.1165	6.3E-6	0.1191	7.0E-6	0.1180	-5.6E-7	0.1113	8.9E-6												
0.0653	1.4E-5	0.1165	6.2E-6	0.1194	6.5E-6	0.1180	-9.1E-7	0.1117	8.8E-6												
0.0655	1.4E-5	0.1165	6.2E-6	0.1197	6.1E-6	0.1180	-1.1E-6	0.1120	8.5E-6												
0.0657	1.4E-5	0.1165	6.1E-6	0.1200	5.9E-6	0.1180	-1.3E-6	0.1124	8.5E-6												
0.0659	1.4E-5	0.1165	5.9E-6	0.1203	5.7E-6	0.1180	-1.3E-6	0.1127	8.7E-6												
0.0662	1.4E-5	0.1165	5.7E-6	0.1205	5.8E-6	0.1180	-1.3E-6	0.1130	9.3E-6												
0.0664	1.4E-5	0.1165	5.7E-6	0.1208	5.8E-6	0.1180	-1.7E-6	0.1133	1.0E-5												
0.0666	1.4E-5	0.1165	5.8E-6	0.1210	5.6E-6	0.1180	-2.3E-6	0.1137	1.1E-5												
0.0668	1.4E-5	0.1165	5.7E-6	0.1212	5.6E-6	0.1180	-2.9E-6	0.1140	1.1E-5												
0.0670	1.4E-5	0.1165	5.8E-6	0.1214	5.6E-6	0.1180	-3.2E-6	0.1143	1.0E-5												
0.0673	1.4E-5	0.1165	6.3E-6	0.1217	5.7E-6	0.1180	-3.1E-6	0.1146	9.6E-6												
0.0676	1.4E-5	0.1165	7.0E-6	0.1219	5.7E-6	0.1180	-2.9E-6	0.1149	8.8E-6												
0.0678	1.5E-5	0.1165	7.5E-6	0.1222	5.5E-6	0.1180	-2.7E-6	0.1152	8.0E-6												
0.0681	1.5E-5	0.1165	7.7E-6	0.1224	5.2E-6	0.1180	-2.3E-6	0.1154	7.5E-6												
0.0684	1.5E-5	0.1165	7.5E-6	0.1226	5.0E-6	0.1180	-2.2E-6	0.1156	7.5E-6												
0.0687	1.5E-5	0.1165	7.3E-6	0.1228	4.9E-6	0.1180	-2.1E-6	0.1159	7.7E-6												
0.0689	1.5E-5	0.1165	7.1E-6	0.1230	4.8E-6	0.1180	-2.0E-6	0.1161	8.3E-6												
0.0692	1.5E-5	0.1165	7.0E-6	0.1232	4.8E-6	0.1180	-1.6E-6	0.1164	8.5E-6												
0.0695	1.5E-5	0.1165	7.0E-6	0.1233	4.8E-6	0.1180	-1.3E-6	0.1166	8.3E-6												
0.0697	1.4E-5	0.1165	7.1E-6	0.1234	4.7E-6	0.1180	-8.7E-7	0.1169	7.9E-6												
0.0699	1.4E-5	0.1165	6.9E-6	0.1235	4.7E-6	0.1180	-5.5E-7	0.1172	7.8E-6												
0.0701	1.3E-5	0.1165	6.4E-6	0.1234	5.0E-6	0.1180	-2.9E-7	0.1175	7.9E-6												
0.0704	1.3E-5	0.1165	6.2E-6	0.1234	5.3E-6	0.1180	1.2E-7	0.1178	8.1E-6												
0.0706	1.3E-5	0.1165	6.1E-6	0.1234	5.6E-6	0.1180	3.9E-7	0.1181	8.4E-6												
0.0709	1.3E-5	0.1165	6.0E-6	0.1234	5.9E-6	0.1180	6.6E-7	0.1184	8.3E-6												
0.0711	1.3E-5	0.1165	6.0E-6	0.1234	6.0E-6	0.1180	1.2E-6	0.1187	7.7E-6												
0.0714	1.3E-5	0.1165	6.1E-6	0.1234	6.0E-6	0.1180	1.6E-6	0.1190	7.2E-6												
0.0716	1.3E-5	0.1165	5.9E-6	0.1234	6.0E-6	0.1180	2.0E-6	0.1192	7.1E-6												
0.0718	1.3E-5	0.1165	5.6E-6	0.1234	6.0E-6	0.1180	1.8E-6	0.1195	7.5E-6												
0.0721	1.3E-5	0.1165	5.5E-6	0.1234	6.1E-6	0.1180	1.2E-6	0.1197	8.2E-6												
0.0724	1.3E-5	0.1165	5.3E-6	0.1234	6.1E-6	0.1180	6.4E-7	0.1199	9.0E-6												
0.0726	1.3E-5	0.1165	5.1E-6	0.1234	6.1E-6	0.1180	3.6E-8	0.1201	9.6E-6												
0.0728	1.3E-5	0.1165	5.2E-6	0.1234	6.1E-6	0.1180	-5.8E-7	0.1202	1.0E-5												
0.0730	1.4E-5	0.1165	5.4E-6	0.1234	5.9E-6	0.1180	-9.8E-7	0.1204	1.0E-5												
0.0733	1.4E-5	0.1165	5.7E-6	0.1234	5.8E-6	0.1180	-1.1E-6	0.1206	1.0E-5												
0.0736	1.4E-5	0.1165	5.9E-6	0.1234	5.7E-6	0.1180	-1.1E-6	0.1207	1.0E-5												
0.0739	1.4E-5	0.1165	6.0E-6	0.1234	5.4E-6	0.1180	-9.8E-7	0.1209	1.0E-5												
0.0741	1.4E-5	0.1165	6.0E-6	0.1234	5.4E-6	0.1180	-1.1E-6	0.1210	9.8E-6												
0.0744	1.4E-5	0.1165	6.0E-6	0.1234	5.9E-6	0.1180	-1.1E-6	0.1211	9.3E-6												
0.0748	1.4E-5	0.1165	6.5E-6	0.1234	6.3E-6	0.1180	-9.5E-7	0.1211	8.9E-6												
0.0751	1.4E-5	0.1165	7.1E-6	0.1234	6.7E-6	0.1180	-8.6E-7	0.1211	8.8E-6												
0.0754	1.3E-5	0.1165	7.5E-6	0.1234	7.2E-6	0.1180	-1.1E-6	0.1211	8.8E-6												
0.0757	1.3E-5	0.1165	7.8E-6	0.1234	7.5E-6	0.1180	-1.4E-6	0.1211	8.7E-6												
0.0760	1.3E-5	0.1165	8.0E-6	0.1234	7.8E-6	0.1180	-1.6E-6	0.1211	8.5E-6												
0.0763	1.3E-5	0.1165	8.1E-6	0.1234	7.9E-6	0.1180		0.1211	8.4E-6												
0.0766	1.3E-5	0.1165	8.2E-6	0.1234	7.6E-6			0.1211	8.5E-6												
0.0769	1.3E-5	0.1165	8.0E-6	0.1234	7.1E-6			0.1211	8.7E-6												
0.0771	1.3E-5	0.1165	7.8E-6	0.1234	6.8E-6			0.1211	8.9E-6												
0.0774	1.3E-5	0.1165	7.6E-6	0.1234	6.6E-6			0.1211	8.8E-6												
0.0776	1.2E-5	0.1165	7.2E-6	0.1234	6.4E-6			0.1211	8.7E-6												
0.0778	1.2E-5	0.1165	7.0E-6	0.1234	6.4E-6			0.1211	8.9E-6												
0.0780	1.2E-5	0.1165	6.7E-6	0.1234	6.5E-6			0.1211	9.2E-6												
0.0782	1.2E-5	0.1165		0.1234	6.6E-6			0.1211	9.3E-6												
0.0784	1.1E-5			0.1234	6.7E-6			0.1211	9.3E-6												
0.0786	1.1E-5			0.1234	6.7E-6			0.1211	9.4E-6												
0.0788	1.1E-5			0.1234	6.6E-6			0.1211	9.4E-6												
0.0791	1.1E-5			0.1234	6.5E-6			0.1211	9.5E-6												
0.0794	1.1E-5			0.1234	6.3E-6			0.1211	9.4E-6												
0.0796	1.1E-5			0.1234	6.1E-6			0.1211	9.2E-6												
0.0799	1.1E-5			0.1234	5.8E-6			0.1211	8.8E-6												
0.0802	1.1E-5			0.1234	5.6E-6			0.1211	8.5E-6												
0.0805	1.0E-5			0.1234	5.4E-6			0.1211	8.3E-6												
0.0808	1.0E-5			0.1234	5.5E-6			0.1211	8.1E-6												
0.0811	9.5E-6			0.1234	5.5E-6			0.1211	7.9E-6												
0.0814	9.0E-6			0.1234	5.4E-6			0.1211	7.8E-6												
0.0817	8.9E-6			0.1234	5.3E-6			0.1211	7.8E-6												
0.0821	9.3E-6			0.1234	5.4E-6			0.1211	7.8E-6												
0.0824	9.9E-6			0.1234	5.5E-6			0.1211	7.7E-6												
0.0827	1.1E-5			0.1234	5.5E-6			0.1211	7.7E-6												
0.0830	1.1E-5			0.1234	5.4E-6			0.1211													
0.0833	1.1E-5			0.1234	5.2E-6																
0.0836	1.1E-5			0.1234	5.0E-6																
0.0839	1.1E-5			0.1234	4.7E-6																
0.0841	1.1E-5			0.1234	5.0E-6																
0.0844	1.2E-5			0.1234	5.5E-6																
0.0847	1.2E-5			0.1234	6.3E-6																
0.0850	1.3E-5			0.1234	6.5E-6																
0.0852	1.3E-5			0.1234																	
0.0855	1.4E-5																				
0.0857	1.4E-5																				
0.0860	1.3E-5																				
0.0862	1.3E-5																				
0.0865	1.3E-5																				
0.0867	1.2E-5																				
0.0869	1.2E-5																				
0.0871	1.2E-5																				
0.0874	1.2E-5																				
0.0877	1.3E-5																				
0.0880	1.3E-5																				
0.0882	1.3E-5																				
0.0885	1.3E-5																				
0.0888	1.2E-5																				
0.0890	1.2E-5																				
0.0893	1.1E-5																				
0.0895	1.1E-5																				
0.0898	1.1E-5																				
0.0901	1.1E-5																				
0.0904	1.0E-5																				
0.0908	1.1E-5																				
0.0911	1.1E-5																				
0.0914	1.1E-5																				
0.0917	1.1E-5																				
0.0920	1.2E-5																				
0.0924	1.2E-5																				
0.0927	1.3E-5																				
0.0930	1.3E-5																				
0.0933	1.3E-5																				
0.0936	1.3E-5																				
0.0939	1.3E-5																				
0.0942	1.3E-5																				
0.0944	1.4E-5																				
0.0947	1.4E-5																				
0.0949	1.5E-5																				
0.0952	1.5E-5																				
0.0954	1.5E-5																				
0.0956	1.5E-5																				
0.0959	1.5E-5																				
0.0962	1.5E-5																				
0.0964	1.5E-5																				
0.0966	1.5E-5																				
0.0969	1.5E-5																				
0.0971	1.4E-5																				
0.0974	1.3E-5																				
0.0976	1.2E-5																				
0.0978	1.2E-5																				
0.0981	1.2E-5																				
0.0983	1.2E-5																				
0.0985	1.2E-5																				
0.0986	1.2E-5																				
0.0988	1.2E-5																				
0.0989	1.3E-5																				
0.0991	1.3E-5																				
0.0992	1.3E-5																				
0.0994	1.4E-5																				
0.0996	1.4E-5																				
0.0997	1.4E-5																				
0.0999	1.3E-5																				
0.1001	1.3E-5																				
0.1003	1.4E-5																				
0.1005	1.3E-5																				
0.1007	1.3E-5																				
0.1009	1.3E-5																				
0.1012	1.3E-5																				
0.1014	1.3E-5																				
0.1017	1.3E-5																				
0.1020	1.4E-5																				
0.1023	1.4E-5																				
0.1026	1.4E-5																				
0.1028	1.4E-5																				
0.1031	1.4E-5																				
0.1033	1.4E-5																				
0.1036	1.4E-5																				
0.1038	1.3E-5																				
0.1040	1.3E-5																				
0.1043	1.3E-5																				
0.1045	1.3E-5																				
0.1047	1.3E-5																				
0.1049	1.3E-5																				
0.1051	1.3E-5																				
0.1053	1.3E-5																				
0.1055	1.3E-5																				
0.1057	1.3E-5																				
0.1059	1.3E-5																				
0.1061	1.3E-5																				
0.1063	1.3E-5																				
0.1066	1.3E-5																				
0.1068	1.4E-5																				
0.1070	1.4E-5																				
0.1072	1.4E-5																				
0.1074	1.4E-5																				
0.1076	1.4E-5																				
0.1078	1.5E-5																				
0.1080	1.5E-5																				
0.1082	1.5E-5																				
0.1083	1.5E-5																				
0.1085	1.5E-5																				
0.1086	1.5E-5																				
0.1087	1.5E-5																				
0.1089	1.5E-5																				
0.1090	1.5E-5																				
0.1091	1.5E-5																				
0.1091	1.4E-5																				
0.1091	1.4E-5																				
0.1091	1.4E-5																				
0.1091	1.4E-5																				
0.1091	1.4E-5																				
0.1091	1.4E-5																				
0.1091	1.4E-5																				
0.1091	1.4E-5																				
0.1091	1.4E-5																				
0.1091	1.4E-5																				
0.1091	1.4E-5																				
0.1091	1.4E-5																				
0.1091	1.4E-5																				
0.1091	1.4E-5																				
0.1091	1.4E-5																				
0.1091	1.4E-5																				
0.1091	1.4E-5																				
0.1091	1.5E-5																				
0.1091	1.4E-5																				
0.1091	1.4E-5																				
0.1091	1.4E-5																				
0.1091	1.5E-5																				
0.1091	1.5E-5																				
0.1091	1.5E-5																				
0.1091	1.5E-5																				
0.1091	1.5E-5																				
0.1091	1.4E-5																				
0.1091	1.4E-5																				
0.1091	1.4E-5																				
0.1091	1.5E-5																				
0.1091	1.5E-5																				
0.1091	1.5E-5																				
0.1091	1.5E-5																				
0.1091	1.5E-5																				
0.1091	1.6E-5																				
0.1091	1.6E-5																				
0.1091	1.5E-5																				
0.1091	1.5E-5																				
0.1091	1.4E-5																				
0.1091	1.4E-5																				
0.1091	1.4E-5																				
0.1091	1.4E-5																				
0.1091	1.4E-5																				
0.1091	1.5E-5																				
0.1091	1.5E-5																				
0.1091	1.5E-5																				
0.1091	1.6E-5																				
0.1091	1.6E-5																				
0.1091	1.6E-5																				
0.1091	1.5E-5																				
0.1091																					
