Position (m) Run #1	Magnetic Field Strength (100X) (T) Run #1	Position (m) Run #2	Magnetic Field Strength (100X) (T) Run #2	Position (m) Run #3	Magnetic Field Strength (100X) (T) Run #3	Position (m) Run #4	Magnetic Field Strength (100X) (T) Run #4	Position (m) Run #5	Magnetic Field Strength (100X) (T) Run #5	Position (m) Run #6	Magnetic Field Strength (100X) (T) Run #6	Position (m) Run #7	Magnetic Field Strength (100X) (T) Run #7
0.0000	1.6E-5	0.0000	1.5E-5	0.0000	1.2E-5	0.0000	1.3E-5	0.0000	1.4E-5	-1.9725E-5	1.4E-5	0.0000	1.6E-5
0.0000	1.6E-5	0.0000	1.5E-5	0.0000	1.2E-5	1.9725E-5	1.4E-5	0.0000	1.4E-5	-3.9450E-5	1.4E-5	0.0000	1.6E-5
0.0000	1.6E-5	0.0000	1.5E-5	0.0000	1.2E-5	1.9725E-5	1.4E-5	0.0000	1.4E-5	-3.9450E-5	1.4E-5	0.0000	1.6E-5
0.0000	1.5E-5	0.0000	1.5E-5	0.0000	1.2E-5	1.9725E-5	1.3E-5	0.0000	1.4E-5	-3.9450E-5	1.4E-5	0.0000	1.7E-5
0.0000	1.6E-5	0.0000	1.5E-5	0.0000	1.2E-5	1.9725E-5	1.3E-5	0.0000	1.4E-5	-3.9450E-5	1.4E-5	0.0000	1.6E-5
0.0000	1.6E-5	0.0000	1.5E-5	0.0000	1.2E-5	1.9725E-5	1.3E-5	0.0000	1.3E-5	-1.9725E-5	1.4E-5	0.0000	1.6E-5
0.0000	1.6E-5	0.0000	1.5E-5	0.0000	1.2E-5	5.9175E-5	1.3E-5	0.0000	1.3E-5	0.0000	1.4E-5	0.0000	1.7E-5
0.0000	1.6E-5	0.0000	1.5E-5	0.0000	1.2E-5	1.3807E-4	1.3E-5	0.0000	1.3E-5	1.9725E-5	1.4E-5	-1.9725E-5	1.7E-5
0.0000	1.6E-5	0.0000	1.5E-5	0.0000	1.3E-5	1.9725E-4	1.3E-5	0.0000	1.3E-5	1.9725E-5	1.4E-5	-1.9725E-5	1.7E-5
0.0000	1.6E-5	0.0000	1.5E-5	0.0000	1.3E-5	2.5643E-4	1.3E-5	0.0000	1.3E-5	3.9450E-5	1.4E-5	-1.9725E-5	1.7E-5
0.0000	1.6E-5	0.0000	1.5E-5	0.0000	1.3E-5	3.1560E-4	1.3E-5	0.0000	1.3E-5	3.9450E-5	1.4E-5	-1.9725E-5	1.7E-5
1.9725E-5	1.6E-5	0.0000	1.5E-5	0.0000	1.3E-5	3.5505E-4	1.3E-5	0.0000	1.3E-5	3.9450E-5	1.4E-5	-1.9725E-5	1.7E-5
0.0000	1.6E-5	0.0000	1.5E-5	0.0000	1.3E-5	4.1422E-4	1.3E-5	0.0000	1.3E-5	3.9450E-5	1.4E-5	-1.9725E-5	1.7E-5
-1.9725E-5	1.6E-5	0.0000	1.5E-5	0.0000	1.3E-5	4.7340E-4	1.2E-5	0.0000	1.3E-5	5.9175E-5	1.5E-5	-1.9725E-5	1.7E-5
-1.9725E-5	1.6E-5	0.0000	1.5E-5	0.0000	1.3E-5	5.7203E-4	1.2E-5	0.0000	1.3E-5	1.7752E-4	1.5E-5	-1.9725E-5	1.7E-5
-1.9725E-5	1.6E-5	0.0000	1.5E-5	0.0000	1.3E-5	6.9038E-4	1.2E-5	0.0000	1.3E-5	3.5505E-4	1.5E-5	0.0000	1.7E-5
-1.9725E-5	1.6E-5	0.0000	1.5E-5	-3.9450E-5	1.3E-5	7.8900E-4	1.2E-5	0.0000	1.3E-5	5.1285E-4	1.5E-5	1.9725E-5	1.7E-5
-1.9725E-5	1.6E-5	0.0000	1.5E-5	-3.9450E-5	1.3E-5	8.8763E-4	1.2E-5	0.0000	1.3E-5	6.9037E-4	1.4E-5	3.9450E-5	1.7E-5
-1.9725E-5	1.6E-5	0.0000	1.4E-5	-3.9450E-5	1.3E-5	9.8625E-4	1.2E-5	-1.9725E-5	1.3E-5	8.6790E-4	1.4E-5	5.9175E-5	1.8E-5
0.0000	1.6E-5	0.0000	1.4E-5	-3.9450E-5	1.3E-5	0.0011	1.2E-5	-1.9725E-5	1.3E-5	0.0011	1.4E-5	5.9175E-5	1.8E-5
0.0000	1.6E-5	0.0000	1.4E-5	-3.9450E-5	1.3E-5	0.0012	1.2E-5	-1.9725E-5	1.3E-5	0.0013	1.4E-5	1.5780E-4	1.8E-5
1.9725E-5	1.6E-5	0.0000	1.4E-5	-3.9450E-5	1.3E-5	0.0014	1.2E-5	0.0000	1.3E-5	0.0015	1.3E-5	2.9588E-4	1.8E-5
3.9450E-5	1.6E-5	0.0000	1.4E-5	-3.9450E-5	1.4E-5	0.0016	1.2E-5	1.9725E-5	1.3E-5	0.0018	1.3E-5	3.9450E-4	1.8E-5
3.9450E-5	1.6E-5	0.0000	1.4E-5	-3.9450E-5	1.4E-5	0.0017	1.2E-5	1.9725E-5	1.3E-5	0.0020	1.3E-5	5.1285E-4	1.8E-5
3.9450E-5	1.6E-5	-3.9450E-5	1.4E-5	-3.9450E-5	1.4E-5	0.0019	1.2E-5	1.9725E-5	1.3E-5	0.0022	1.3E-5	5.9175E-4	1.7E-5
3.9450E-5	1.6E-5	-3.9450E-5	1.4E-5	-1.9725E-5	1.4E-5	0.0020	1.3E-5	3.9450E-5	1.4E-5	0.0025	1.3E-5	6.9037E-4	1.7E-5
5.9175E-5	1.6E-5	-3.9450E-5	1.4E-5	-1.9725E-5	1.4E-5	0.0021	1.3E-5	3.9450E-5	1.4E-5	0.0027	1.3E-5	8.0873E-4	1.7E-5
5.9175E-5	1.6E-5	-1.9725E-5	1.4E-5	-1.9725E-5	1.4E-5	0.0022	1.3E-5	9.8625E-5	1.4E-5	0.0029	1.3E-5	9.4680E-4	1.7E-5
5.9175E-5	1.6E-5	0.0000	1.4E-5	0.0000	1.4E-5	0.0024	1.3E-5	2.9587E-4	1.4E-5	0.0032	1.4E-5	0.0011	1.7E-5
7.8900E-5	1.6E-5	3.9450E-5	1.4E-5	1.9725E-5	1.4E-5	0.0025	1.3E-5	4.7340E-4	1.4E-5	0.0034	1.4E-5	0.0012	1.7E-5
1.3807E-4	1.6E-5	3.9450E-5	1.4E-5	5.9175E-5	1.4E-5	0.0027	1.3E-5	6.3120E-4	1.3E-5	0.0036	1.4E-5	0.0013	1.7E-5
2.1697E-4	1.6E-5	3.9450E-5	1.4E-5	5.9175E-5	1.4E-5	0.0028	1.3E-5	8.4817E-4	1.3E-5	0.0038	1.4E-5	0.0015	1.8E-5
3.1560E-4	1.6E-5	5.9175E-5	1.4E-5	7.8900E-5	1.4E-5	0.0030	1.3E-5	0.0010	1.3E-5	0.0040	1.4E-5	0.0016	1.8E-5
4.1422E-4	1.6E-5	5.9175E-5	1.4E-5	1.3807E-4	1.4E-5	0.0032	1.3E-5	0.0012	1.4E-5	0.0042	1.4E-5	0.0017	1.8E-5
5.1285E-4	1.6E-5	2.1697E-4	1.4E-5	2.7615E-4	1.4E-5	0.0033	1.4E-5	0.0014	1.4E-5	0.0045	1.4E-5	0.0019	1.8E-5
6.1147E-4	1.6E-5	3.1560E-4	1.4E-5	3.7477E-4	1.4E-5	0.0035	1.4E-5	0.0016	1.4E-5	0.0047	1.4E-5	0.0020	1.8E-5
7.2982E-4	1.6E-5	3.9450E-4	1.4E-5	4.3395E-4	1.4E-5	0.0037	1.4E-5	0.0017	1.4E-5	0.0050	1.4E-5	0.0022	1.8E-5
8.2845E-4	1.5E-5	4.7340E-4	1.4E-5	4.7340E-4	1.4E-5	0.0040	1.4E-5	0.0019	1.4E-5	0.0053	1.4E-5	0.0023	1.8E-5
9.4680E-4	1.6E-5	5.7202E-4	1.4E-5	5.3258E-4	1.4E-5	0.0043	1.4E-5	0.0021	1.4E-5	0.0055	1.4E-5	0.0026	1.8E-5
0.0010	1.5E-5	6.7065E-4	1.4E-5	6.5092E-4	1.4E-5	0.0045	1.5E-5	0.0023	1.4E-5	0.0058	1.4E-5	0.0028	1.8E-5
0.0012	1.5E-5	7.6927E-4	1.4E-5	7.8900E-4	1.4E-5	0.0048	1.5E-5	0.0024	1.4E-5	0.0061	1.4E-5	0.0030	1.8E-5
0.0013	1.5E-5	8.8762E-4	1.4E-5	9.4680E-4	1.4E-5	0.0052	1.5E-5	0.0027	1.4E-5	0.0064	1.5E-5	0.0032	1.8E-5
0.0015	1.5E-5	9.6653E-4	1.4E-5	0.0011	1.4E-5	0.0055	1.5E-5	0.0029	1.4E-5	0.0066	1.5E-5	0.0035	1.9E-5
0.0016	1.6E-5	0.0011	1.4E-5	0.0012	1.4E-5	0.0059	1.5E-5	0.0031	1.4E-5	0.0069	1.6E-5	0.0039	1.9E-5
0.0018	1.6E-5	0.0011	1.4E-5	0.0013	1.4E-5	0.0063	1.5E-5	0.0034	1.4E-5	0.0071	1.6E-5	0.0042	1.9E-5
0.0020	1.6E-5	0.0012	1.4E-5	0.0014	1.4E-5	0.0066	1.5E-5	0.0036	1.4E-5	0.0074	1.6E-5	0.0046	1.9E-5
0.0022	1.6E-5	0.0013	1.4E-5	0.0016	1.4E-5	0.0068	1.6E-5	0.0039	1.4E-5	0.0077	1.7E-5	0.0050	1.9E-5
0.0023	1.6E-5	0.0015	1.5E-5	0.0017	1.4E-5	0.0071	1.6E-5	0.0042	1.4E-5	0.0080	1.7E-5	0.0053	1.9E-5
0.0025	1.6E-5	0.0016	1.5E-5	0.0019	1.4E-5	0.0073	1.6E-5	0.0046	1.4E-5	0.0084	1.8E-5	0.0056	1.9E-5
0.0027	1.6E-5	0.0018	1.5E-5	0.0020	1.4E-5	0.0076	1.6E-5	0.0050	1.4E-5	0.0087	1.8E-5	0.0060	1.9E-5
0.0029	1.6E-5	0.0020	1.5E-5	0.0022	1.5E-5	0.0079	1.6E-5	0.0054	1.5E-5	0.0091	1.8E-5	0.0063	1.9E-5
0.0031	1.6E-5	0.0022	1.5E-5	0.0025	1.5E-5	0.0082	1.6E-5	0.0058	1.5E-5	0.0094	1.9E-5	0.0067	2.0E-5
0.0033	1.6E-5	0.0025	1.5E-5	0.0027	1.5E-5	0.0085	1.7E-5	0.0062	1.5E-5	0.0097	1.9E-5	0.0070	2.0E-5
0.0035	1.6E-5	0.0027	1.6E-5	0.0030	1.5E-5	0.0088	1.7E-5	0.0065	1.5E-5	0.0100	1.9E-5	0.0074	2.0E-5
0.0037	1.6E-5	0.0030	1.6E-5	0.0033	1.5E-5	0.0091	1.8E-5	0.0069	1.5E-5	0.0102	1.9E-5	0.0078	2.0E-5
0.0039	1.6E-5	0.0032	1.6E-5	0.0036	1.5E-5	0.0094	1.8E-5	0.0072	1.6E-5	0.0105	1.9E-5	0.0081	2.1E-5
0.0041	1.6E-5	0.0034	1.6E-5	0.0039	1.5E-5	0.0097	1.8E-5	0.0074	1.6E-5	0.0108	1.9E-5	0.0085	2.1E-5
0.0043	1.6E-5	0.0036	1.6E-5	0.0042	1.5E-5	0.0100	1.9E-5	0.0077	1.6E-5	0.0111	2.0E-5	0.0088	2.1E-5
0.0046	1.7E-5	0.0037	1.6E-5	0.0045	1.5E-5	0.0102	1.9E-5	0.0079	1.6E-5	0.0115	2.0E-5	0.0092	2.1E-5
0.0049	1.7E-5	0.0039	1.6E-5	0.0048	1.5E-5	0.0105	1.9E-5	0.0082	1.6E-5	0.0118	2.0E-5	0.0095	2.1E-5
0.0052	1.7E-5	0.0040	1.6E-5	0.0051	1.6E-5	0.0108	2.0E-5	0.0085	1.6E-5	0.0122	2.0E-5	0.0099	2.2E-5
0.0055	1.7E-5	0.0042	1.6E-5	0.0055	1.6E-5	0.0110	2.0E-5	0.0088	1.6E-5	0.0125	2.0E-5	0.0102	2.2E-5
0.0059	1.7E-5	0.0043	1.6E-5	0.0059	1.6E-5	0.0113	2.0E-5	0.0091	1.7E-5	0.0129	2.0E-5	0.0106	2.2E-5
0.0062	1.7E-5	0.0045	1.6E-5	0.0063	1.6E-5	0.0116	2.0E-5	0.0094	1.7E-5	0.0132	2.0E-5	0.0109	2.2E-5
0.0065	1.7E-5	0.0046	1.6E-5	0.0066	1.6E-5	0.0119	2.1E-5	0.0097	1.8E-5	0.0136	2.0E-5	0.0112	2.2E-5
0.0069	1.7E-5	0.0048	1.6E-5	0.0070	1.6E-5	0.0122	2.1E-5	0.0100	1.8E-5	0.0139	2.1E-5	0.0115	2.2E-5
0.0072	1.8E-5	0.0050	1.6E-5	0.0074	1.6E-5	0.0125	2.2E-5	0.0102	1.9E-5	0.0142	2.1E-5	0.0119	2.2E-5
0.0075	1.8E-5	0.0052	1.6E-5	0.0077	1.6E-5	0.0129	2.2E-5	0.0105	2.0E-5	0.0145	2.2E-5	0.0122	2.2E-5
0.0078	1.8E-5	0.0055	1.6E-5	0.0081	1.6E-5	0.0132	2.2E-5	0.0108	2.0E-5	0.0148	2.3E-5	0.0125	2.2E-5
0.0081	1.8E-5	0.0057	1.7E-5	0.0084	1.7E-5	0.0135	2.3E-5	0.0111	2.1E-5	0.0151	2.3E-5	0.0128	2.2E-5
0.0084	1.8E-5	0.0060	1.7E-5	0.0087	1.7E-5	0.0138	2.3E-5	0.0114	2.1E-5	0.0154	2.4E-5	0.0131	2.2E-5
0.0087	1.8E-5	0.0062	1.7E-5	0.0090	1.7E-5	0.0141	2.4E-5	0.0117	2.2E-5	0.0157	2.4E-5	0.0135	2.3E-5
0.0090	1.8E-5	0.0065	1.7E-5	0.0093	1.7E-5	0.0145	2.4E-5	0.0120	2.2E-5	0.0160	2.5E-5	0.0137	2.3E-5
0.0093	1.8E-5	0.0067	1.7E-5	0.0096	1.8E-5	0.0148	2.4E-5	0.0123	2.2E-5	0.0163	2.5E-5	0.0140	2.3E-5
0.0096	1.8E-5	0.0070	1.7E-5	0.0099	1.8E-5	0.0151	2.4E-5	0.0126	2.2E-5	0.0166	2.6E-5	0.0143	2.3E-5
0.0099	1.8E-5	0.0073	1.7E-5	0.0102	1.8E-5	0.0154	2.4E-5	0.0130	2.2E-5	0.0169	2.6E-5	0.0146	2.4E-5
0.0102	1.8E-5	0.0076	1.7E-5	0.0105	1.9E-5	0.0158	2.4E-5	0.0133	2.2E-5	0.0172	2.7E-5	0.0150	2.4E-5
0.0105	1.8E-5	0.0078	1.7E-5	0.0107	1.9E-5	0.0161	2.4E-5	0.0137	2.2E-5	0.0176	2.7E-5	0.0153	2.4E-5
0.0109	1.8E-5	0.0081	1.7E-5	0.0110	2.0E-5	0.0165	2.4E-5	0.0141	2.2E-5	0.0179	2.8E-5	0.0156	2.5E-5
0.0112	1.8E-5	0.0083	1.7E-5	0.0113	2.0E-5	0.0169	2.4E-5	0.0144	2.2E-5	0.0183	2.8E-5	0.0159	2.5E-5
0.0116	1.9E-5	0.0086	1.8E-5	0.0116	2.0E-5	0.0173	2.4E-5	0.0148	2.3E-5	0.0186	2.8E-5	0.0163	2.6E-5
0.0119	1.9E-5	0.0089	1.8E-5	0.0119	2.0E-5	0.0177	2.4E-5	0.0152	2.3E-5	0.0189	2.9E-5	0.0166	2.6E-5
0.0122	2.0E-5	0.0092	1.8E-5	0.0122	2.0E-5	0.0182	2.4E-5	0.0155	2.3E-5	0.0192	2.9E-5	0.0169	2.6E-5
0.0125	2.0E-5	0.0095	1.8E-5	0.0125	2.1E-5	0.0186	2.4E-5	0.0159	2.3E-5	0.0196	2.9E-5	0.0173	2.7E-5
0.0128	2.0E-5	0.0098	1.9E-5	0.0128	2.1E-5	0.0191	2.5E-5	0.0163	2.3E-5	0.0199	2.9E-5	0.0176	2.7E-5
0.0131	2.1E-5	0.0101	1.9E-5	0.0131	2.1E-5	0.0195	2.5E-5	0.0166	2.3E-5	0.0203	3.0E-5	0.0179	2.7E-5
0.0133	2.1E-5	0.0104	1.9E-5	0.0135	2.2E-5	0.0199	2.6E-5	0.0170	2.3E-5	0.0206	3.0E-5	0.0182	2.8E-5
0.0136	2.1E-5	0.0108	1.9E-5	0.0138	2.2E-5	0.0203	2.6E-5	0.0174	2.3E-5	0.0209	3.0E-5	0.0186	2.8E-5
0.0139	2.1E-5	0.0111	2.0E-5	0.0141	2.3E-5	0.0206	2.6E-5	0.0177	2.4E-5	0.0211	2.9E-5	0.0189	2.8E-5
0.0142	2.2E-5	0.0114	2.0E-5	0.0144	2.3E-5	0.0208	2.7E-5	0.0181	2.4E-5	0.0215	2.9E-5	0.0192	2.8E-5
0.0145	2.2E-5	0.0118	2.1E-5	0.0148	2.4E-5	0.0211	2.7E-5	0.0185	2.4E-5	0.0218	3.0E-5	0.0195	2.8E-5
0.0149	2.2E-5	0.0122	2.1E-5	0.0152	2.4E-5	0.0215	2.8E-5	0.0188	2.5E-5	0.0222	3.0E-5	0.0198	2.9E-5
0.0152	2.2E-5	0.0125	2.1E-5	0.0155	2.4E-5	0.0218	2.8E-5	0.0191	2.5E-5	0.0226	3.0E-5	0.0202	2.9E-5
0.0156	2.3E-5	0.0129	2.2E-5	0.0158	2.5E-5	0.0221	2.9E-5	0.0194	2.5E-5	0.0230	3.0E-5	0.0205	2.9E-5
0.0160	2.3E-5	0.0134	2.2E-5	0.0161	2.5E-5	0.0224	2.9E-5	0.0197	2.6E-5	0.0234	3.0E-5	0.0208	2.9E-5
0.0163	2.3E-5	0.0137	2.2E-5	0.0163	2.5E-5	0.0227	3.0E-5	0.0201	2.6E-5	0.0238	3.1E-5	0.0211	2.9E-5
0.0166	2.4E-5	0.0141	2.3E-5	0.0166	2.6E-5	0.0229	3.0E-5	0.0205	2.6E-5	0.0242	3.1E-5	0.0214	3.0E-5
0.0168	2.4E-5	0.0145	2.3E-5	0.0168	2.6E-5	0.0232	3.1E-5	0.0208	2.7E-5	0.0246	3.1E-5	0.0218	3.0E-5
0.0171	2.4E-5	0.0149	2.3E-5	0.0171	2.6E-5	0.0235	3.1E-5	0.0212	2.7E-5	0.0249	3.2E-5	0.0221	3.1E-5
0.0173	2.5E-5	0.0151	2.4E-5	0.0174	2.6E-5	0.0239	3.2E-5	0.0215	2.7E-5	0.0253	3.2E-5	0.0224	3.1E-5
0.0176	2.5E-5	0.0154	2.4E-5	0.0177	2.6E-5	0.0242	3.2E-5	0.0219	2.8E-5	0.0256	3.3E-5	0.0227	3.2E-5
0.0178	2.6E-5	0.0157	2.5E-5	0.0179	2.6E-5	0.0246	3.3E-5	0.0222	2.8E-5	0.0260	3.3E-5	0.0230	3.2E-5
0.0181	2.6E-5	0.0159	2.5E-5	0.0182	2.6E-5	0.0250	3.3E-5	0.0225	2.9E-5	0.0264	3.4E-5	0.0233	3.3E-5
0.0183	2.7E-5	0.0161	2.5E-5	0.0186	2.6E-5	0.0254	3.3E-5	0.0229	2.9E-5	0.0267	3.4E-5	0.0236	3.3E-5
0.0186	2.7E-5	0.0164	2.6E-5	0.0189	2.7E-5	0.0258	3.4E-5	0.0232	3.0E-5	0.0270	3.5E-5	0.0238	3.3E-5
0.0188	2.8E-5	0.0166	2.6E-5	0.0192	2.7E-5	0.0262	3.4E-5	0.0235	3.0E-5	0.0274	3.5E-5	0.0241	3.3E-5
0.0190	2.8E-5	0.0168	2.6E-5	0.0196	2.7E-5	0.0265	3.5E-5	0.0237	3.0E-5	0.0278	3.6E-5	0.0244	3.3E-5
0.0193	2.9E-5	0.0170	2.6E-5	0.0199	2.7E-5	0.0269	3.5E-5	0.0240	3.0E-5	0.0282	3.7E-5	0.0246	3.4E-5
0.0195	2.9E-5	0.0173	2.6E-5	0.0202	2.8E-5	0.0273	3.5E-5	0.0243	3.1E-5	0.0286	3.7E-5	0.0249	3.4E-5
0.0197	2.9E-5	0.0175	2.6E-5	0.0205	2.8E-5	0.0278	3.6E-5	0.0246	3.1E-5	0.0289	3.8E-5	0.0251	3.4E-5
0.0199	2.9E-5	0.0178	2.6E-5	0.0208	2.8E-5	0.0281	3.6E-5	0.0249	3.1E-5	0.0293	3.9E-5	0.0254	3.5E-5
0.0201	3.0E-5	0.0181	2.6E-5	0.0211	2.8E-5	0.0285	3.7E-5	0.0251	3.2E-5	0.0297	3.9E-5	0.0256	3.5E-5
0.0204	3.0E-5	0.0184	2.7E-5	0.0215	2.8E-5	0.0288	3.7E-5	0.0254	3.2E-5	0.0301	4.0E-5	0.0258	3.6E-5
0.0206	3.0E-5	0.0186	2.7E-5	0.0218	2.8E-5	0.0292	3.8E-5	0.0257	3.3E-5	0.0305	4.0E-5	0.0260	3.6E-5
0.0209	3.0E-5	0.0189	2.7E-5	0.0221	2.8E-5	0.0295	3.8E-5	0.0259	3.3E-5	0.0309	4.1E-5	0.0262	3.7E-5
0.0211	3.1E-5	0.0192	2.8E-5	0.0224	2.9E-5	0.0299	3.9E-5	0.0262	3.4E-5	0.0313	4.2E-5	0.0264	3.8E-5
0.0213	3.1E-5	0.0194	2.8E-5	0.0227	2.9E-5	0.0303	4.0E-5	0.0264	3.4E-5	0.0317	4.2E-5	0.0266	3.8E-5
0.0216	3.1E-5	0.0197	2.8E-5	0.0230	2.9E-5	0.0306	4.0E-5	0.0267	3.5E-5	0.0321	4.3E-5	0.0269	3.9E-5
0.0218	3.1E-5	0.0200	2.9E-5	0.0233	3.0E-5	0.0309	4.1E-5	0.0269	3.5E-5	0.0325	4.4E-5	0.0271	3.9E-5
0.0221	3.2E-5	0.0202	2.9E-5	0.0236	3.0E-5	0.0312	4.1E-5	0.0272	3.5E-5	0.0328	4.4E-5	0.0273	3.9E-5
0.0224	3.2E-5	0.0205	2.9E-5	0.0240	3.0E-5	0.0316	4.2E-5	0.0275	3.6E-5	0.0332	4.5E-5	0.0276	3.9E-5
0.0227	3.2E-5	0.0207	2.9E-5	0.0243	3.0E-5	0.0319	4.2E-5	0.0277	3.6E-5	0.0335	4.6E-5	0.0278	4.0E-5
0.0229	3.3E-5	0.0209	2.9E-5	0.0247	3.1E-5	0.0322	4.2E-5	0.0280	3.6E-5	0.0339	4.7E-5	0.0281	4.0E-5
0.0232	3.3E-5	0.0212	2.9E-5	0.0250	3.1E-5	0.0325	4.3E-5	0.0283	3.7E-5	0.0342	4.8E-5	0.0283	4.0E-5
0.0236	3.3E-5	0.0214	3.0E-5	0.0254	3.2E-5	0.0329	4.3E-5	0.0287	3.7E-5	0.0346	4.9E-5	0.0286	4.0E-5
0.0239	3.4E-5	0.0216	3.0E-5	0.0257	3.2E-5	0.0332	4.4E-5	0.0290	3.8E-5	0.0350	5.0E-5	0.0288	4.0E-5
0.0242	3.4E-5	0.0219	3.0E-5	0.0260	3.3E-5	0.0336	4.4E-5	0.0294	3.8E-5	0.0353	5.0E-5	0.0291	4.1E-5
0.0245	3.4E-5	0.0221	3.1E-5	0.0264	3.3E-5	0.0340	4.5E-5	0.0297	3.9E-5	0.0357	5.1E-5	0.0294	4.1E-5
0.0248	3.5E-5	0.0223	3.1E-5	0.0267	3.3E-5	0.0344	4.5E-5	0.0300	3.9E-5	0.0360	5.2E-5	0.0297	4.1E-5
0.0251	3.5E-5	0.0226	3.1E-5	0.0271	3.4E-5	0.0348	4.6E-5	0.0304	3.9E-5	0.0364	5.2E-5	0.0300	4.1E-5
0.0255	3.6E-5	0.0228	3.2E-5	0.0274	3.4E-5	0.0352	4.6E-5	0.0308	4.0E-5	0.0368	5.3E-5	0.0302	4.1E-5
0.0259	3.6E-5	0.0231	3.2E-5	0.0278	3.5E-5	0.0356	4.7E-5	0.0313	4.0E-5	0.0372	5.3E-5	0.0305	4.2E-5
0.0262	3.7E-5	0.0233	3.2E-5	0.0281	3.5E-5	0.0360	4.8E-5	0.0317	4.1E-5	0.0375	5.4E-5	0.0308	4.2E-5
0.0265	3.7E-5	0.0236	3.2E-5	0.0285	3.6E-5	0.0365	4.8E-5	0.0321	4.2E-5	0.0378	5.4E-5	0.0310	4.2E-5
0.0268	3.7E-5	0.0239	3.3E-5	0.0288	3.6E-5	0.0369	4.9E-5	0.0325	4.2E-5	0.0380	5.4E-5	0.0312	4.2E-5
0.0272	3.8E-5	0.0241	3.3E-5	0.0292	3.7E-5	0.0374	4.9E-5	0.0330	4.3E-5	0.0384	5.5E-5	0.0314	4.3E-5
0.0275	3.8E-5	0.0244	3.3E-5	0.0295	3.7E-5	0.0378	5.0E-5	0.0333	4.3E-5	0.0388	5.5E-5	0.0317	4.3E-5
0.0279	3.8E-5	0.0246	3.4E-5	0.0299	3.8E-5	0.0381	5.1E-5	0.0337	4.4E-5	0.0392	5.6E-5	0.0320	4.3E-5
0.0283	3.8E-5	0.0248	3.4E-5	0.0302	3.8E-5	0.0385	5.1E-5	0.0340	4.5E-5	0.0396	5.6E-5	0.0323	4.4E-5
0.0287	3.9E-5	0.0250	3.5E-5	0.0305	3.9E-5	0.0389	5.2E-5	0.0343	4.5E-5	0.0400	5.6E-5	0.0326	4.4E-5
0.0291	3.9E-5	0.0252	3.5E-5	0.0307	3.9E-5	0.0392	5.3E-5	0.0347	4.6E-5	0.0405	5.7E-5	0.0329	4.5E-5
0.0294	3.9E-5	0.0255	3.5E-5	0.0310	4.0E-5	0.0396	5.3E-5	0.0351	4.6E-5	0.0409	5.7E-5	0.0332	4.5E-5
0.0298	4.0E-5	0.0258	3.5E-5	0.0313	4.0E-5	0.0400	5.4E-5	0.0354	4.6E-5	0.0414	5.8E-5	0.0336	4.5E-5
0.0302	4.0E-5	0.0260	3.5E-5	0.0317	4.0E-5	0.0404	5.5E-5	0.0358	4.7E-5	0.0419	5.9E-5	0.0339	4.6E-5
0.0305	4.1E-5	0.0263	3.5E-5	0.0321	4.1E-5	0.0408	5.5E-5	0.0362	4.7E-5	0.0424	5.9E-5	0.0342	4.6E-5
0.0308	4.1E-5	0.0266	3.5E-5	0.0325	4.2E-5	0.0412	5.6E-5	0.0366	4.7E-5	0.0429	6.0E-5	0.0346	4.7E-5
0.0311	4.2E-5	0.0268	3.5E-5	0.0329	4.2E-5	0.0416	5.7E-5	0.0369	4.8E-5	0.0434	6.1E-5	0.0350	4.7E-5
0.0314	4.2E-5	0.0271	3.5E-5	0.0332	4.3E-5	0.0420	5.7E-5	0.0373	4.8E-5	0.0438	6.1E-5	0.0353	4.8E-5
0.0318	4.3E-5	0.0274	3.5E-5	0.0336	4.4E-5	0.0424	5.8E-5	0.0377	4.9E-5	0.0443	6.2E-5	0.0357	4.8E-5
0.0321	4.3E-5	0.0277	3.5E-5	0.0340	4.5E-5	0.0428	5.9E-5	0.0381	5.0E-5	0.0447	6.3E-5	0.0360	4.9E-5
0.0325	4.4E-5	0.0279	3.6E-5	0.0344	4.6E-5	0.0432	5.9E-5	0.0385	5.0E-5	0.0451	6.3E-5	0.0364	4.9E-5
0.0328	4.4E-5	0.0281	3.6E-5	0.0348	4.7E-5	0.0436	6.0E-5	0.0389	5.1E-5	0.0454	6.4E-5	0.0368	4.9E-5
0.0331	4.5E-5	0.0284	3.6E-5	0.0352	4.7E-5	0.0440	6.1E-5	0.0393	5.2E-5	0.0456	6.4E-5	0.0371	5.0E-5
0.0334	4.6E-5	0.0287	3.7E-5	0.0356	4.8E-5	0.0445	6.2E-5	0.0397	5.3E-5	0.0459	6.5E-5	0.0375	5.0E-5
0.0337	4.6E-5	0.0290	3.7E-5	0.0360	4.8E-5	0.0450	6.2E-5	0.0401	5.4E-5	0.0462	6.5E-5	0.0379	5.1E-5
0.0340	4.7E-5	0.0292	3.7E-5	0.0364	4.9E-5	0.0454	6.3E-5	0.0405	5.4E-5	0.0465	6.6E-5	0.0383	5.1E-5
0.0344	4.7E-5	0.0295	3.8E-5	0.0368	4.9E-5	0.0459	6.3E-5	0.0409	5.5E-5	0.0468	6.6E-5	0.0387	5.2E-5
0.0347	4.8E-5	0.0297	3.8E-5	0.0371	4.9E-5	0.0464	6.4E-5	0.0414	5.6E-5	0.0471	6.7E-5	0.0391	5.2E-5
0.0350	4.9E-5	0.0300	3.8E-5	0.0376	5.0E-5	0.0468	6.5E-5	0.0418	5.7E-5	0.0474	6.7E-5	0.0395	5.3E-5
0.0353	4.9E-5	0.0302	3.8E-5	0.0380	5.1E-5	0.0473	6.6E-5	0.0422	5.7E-5	0.0477	6.8E-5	0.0399	5.4E-5
0.0356	5.0E-5	0.0305	3.9E-5	0.0384	5.2E-5	0.0478	6.6E-5	0.0426	5.8E-5	0.0480	6.8E-5	0.0404	5.4E-5
0.0360	5.1E-5	0.0307	3.9E-5	0.0388	5.2E-5	0.0482	6.7E-5	0.0430	5.8E-5	0.0483	6.8E-5	0.0408	5.5E-5
0.0363	5.2E-5	0.0309	4.0E-5	0.0393	5.3E-5	0.0487	6.7E-5	0.0434	5.9E-5	0.0486	6.8E-5	0.0411	5.6E-5
0.0366	5.2E-5	0.0311	4.0E-5	0.0397	5.4E-5	0.0492	6.8E-5	0.0438	5.9E-5	0.0489	6.9E-5	0.0415	5.6E-5
0.0370	5.3E-5	0.0313	4.1E-5	0.0401	5.5E-5	0.0496	6.8E-5	0.0442	6.0E-5	0.0492	6.9E-5	0.0419	5.7E-5
0.0373	5.3E-5	0.0315	4.1E-5	0.0405	5.5E-5	0.0500	6.9E-5	0.0446	6.1E-5	0.0495	7.0E-5	0.0422	5.8E-5
0.0377	5.3E-5	0.0318	4.2E-5	0.0409	5.5E-5	0.0505	6.9E-5	0.0450	6.1E-5	0.0498	7.0E-5	0.0426	5.8E-5
0.0380	5.4E-5	0.0320	4.3E-5	0.0414	5.6E-5	0.0509	7.0E-5	0.0454	6.2E-5	0.0501	7.1E-5	0.0429	5.9E-5
0.0384	5.4E-5	0.0322	4.4E-5	0.0417	5.6E-5	0.0514	7.0E-5	0.0458	6.3E-5	0.0504	7.1E-5	0.0433	6.0E-5
0.0388	5.5E-5	0.0324	4.4E-5	0.0421	5.7E-5	0.0518	7.0E-5	0.0462	6.4E-5	0.0508	7.1E-5	0.0437	6.1E-5
0.0392	5.5E-5	0.0327	4.4E-5	0.0425	5.7E-5	0.0522	7.1E-5	0.0466	6.4E-5	0.0512	7.2E-5	0.0441	6.1E-5
0.0395	5.5E-5	0.0329	4.5E-5	0.0429	5.8E-5	0.0526	7.1E-5	0.0470	6.5E-5	0.0516	7.2E-5	0.0445	6.2E-5
0.0399	5.6E-5	0.0332	4.5E-5	0.0434	5.8E-5	0.0530	7.1E-5	0.0474	6.6E-5	0.0520	7.3E-5	0.0448	6.3E-5
0.0403	5.7E-5	0.0335	4.6E-5	0.0437	5.9E-5	0.0534	7.1E-5	0.0478	6.6E-5	0.0524	7.3E-5	0.0452	6.3E-5
0.0407	5.7E-5	0.0337	4.6E-5	0.0441	5.9E-5	0.0537	7.1E-5	0.0482	6.7E-5	0.0527	7.4E-5	0.0457	6.4E-5
0.0411	5.8E-5	0.0340	4.6E-5	0.0445	5.9E-5	0.0541	7.1E-5	0.0487	6.7E-5	0.0531	7.4E-5	0.0461	6.4E-5
0.0415	5.8E-5	0.0343	4.7E-5	0.0449	6.0E-5	0.0545	7.1E-5	0.0492	6.8E-5	0.0535	7.4E-5	0.0466	6.4E-5
0.0419	5.8E-5	0.0346	4.7E-5	0.0453	6.0E-5	0.0550	7.2E-5	0.0497	6.9E-5	0.0538	7.4E-5	0.0470	6.5E-5
0.0422	5.9E-5	0.0349	4.8E-5	0.0457	6.0E-5	0.0555	7.2E-5	0.0503	6.9E-5	0.0542	7.5E-5	0.0474	6.5E-5
0.0426	5.9E-5	0.0352	4.8E-5	0.0461	6.1E-5	0.0559	7.3E-5	0.0508	7.0E-5	0.0545	7.5E-5	0.0479	6.6E-5
0.0429	6.0E-5	0.0355	4.9E-5	0.0464	6.1E-5	0.0564	7.3E-5	0.0513	7.0E-5	0.0548	7.5E-5	0.0483	6.6E-5
0.0432	6.0E-5	0.0358	4.9E-5	0.0468	6.2E-5	0.0568	7.3E-5	0.0518	7.1E-5	0.0552	7.5E-5	0.0487	6.7E-5
0.0435	6.1E-5	0.0361	5.0E-5	0.0472	6.2E-5	0.0573	7.3E-5	0.0524	7.1E-5	0.0555	7.5E-5	0.0491	6.7E-5
0.0437	6.1E-5	0.0364	5.0E-5	0.0475	6.2E-5	0.0577	7.4E-5	0.0528	7.1E-5	0.0558	7.5E-5	0.0495	6.7E-5
0.0440	6.2E-5	0.0366	5.0E-5	0.0479	6.3E-5	0.0581	7.4E-5	0.0533	7.1E-5	0.0562	7.6E-5	0.0499	6.7E-5
0.0443	6.2E-5	0.0368	5.0E-5	0.0483	6.3E-5	0.0585	7.4E-5	0.0538	7.2E-5	0.0566	7.6E-5	0.0503	6.7E-5
0.0447	6.3E-5	0.0370	5.0E-5	0.0486	6.4E-5	0.0590	7.4E-5	0.0542	7.2E-5	0.0569	7.6E-5	0.0506	6.8E-5
0.0450	6.3E-5	0.0372	5.1E-5	0.0490	6.4E-5	0.0594	7.5E-5	0.0546	7.2E-5	0.0574	7.6E-5	0.0510	6.8E-5
0.0453	6.4E-5	0.0374	5.1E-5	0.0494	6.5E-5	0.0598	7.5E-5	0.0550	7.2E-5	0.0578	7.6E-5	0.0514	6.9E-5
0.0456	6.4E-5	0.0376	5.1E-5	0.0497	6.6E-5	0.0602	7.5E-5	0.0554	7.2E-5	0.0582	7.6E-5	0.0518	6.9E-5
0.0460	6.5E-5	0.0378	5.1E-5	0.0500	6.6E-5	0.0607	7.5E-5	0.0558	7.3E-5	0.0586	7.7E-5	0.0522	7.0E-5
0.0463	6.5E-5	0.0380	5.1E-5	0.0504	6.6E-5	0.0612	7.5E-5	0.0563	7.3E-5	0.0591	7.7E-5	0.0525	7.0E-5
0.0466	6.6E-5	0.0381	5.2E-5	0.0507	6.7E-5	0.0616	7.5E-5	0.0567	7.4E-5	0.0595	7.7E-5	0.0529	7.1E-5
0.0470	6.7E-5	0.0383	5.2E-5	0.0510	6.7E-5	0.0621	7.5E-5	0.0571	7.4E-5	0.0600	7.7E-5	0.0533	7.1E-5
0.0473	6.7E-5	0.0385	5.3E-5	0.0514	6.8E-5	0.0626	7.5E-5	0.0575	7.4E-5	0.0604	7.7E-5	0.0537	7.2E-5
0.0476	6.8E-5	0.0386	5.3E-5	0.0517	6.8E-5	0.0631	7.5E-5	0.0579	7.4E-5	0.0609	7.7E-5	0.0541	7.2E-5
0.0480	6.8E-5	0.0388	5.4E-5	0.0520	6.9E-5	0.0636	7.4E-5	0.0583	7.4E-5	0.0613	7.6E-5	0.0545	7.3E-5
0.0484	6.8E-5	0.0391	5.4E-5	0.0524	6.9E-5	0.0642	7.4E-5	0.0586	7.4E-5	0.0618	7.6E-5	0.0549	7.3E-5
0.0488	6.9E-5	0.0393	5.4E-5	0.0527	6.9E-5	0.0647	7.4E-5	0.0590	7.5E-5	0.0622	7.6E-5	0.0553	7.3E-5
0.0491	6.9E-5	0.0395	5.5E-5	0.0531	7.0E-5	0.0652	7.3E-5	0.0594	7.5E-5	0.0627	7.6E-5	0.0557	7.4E-5
0.0495	6.9E-5	0.0398	5.5E-5	0.0534	7.1E-5	0.0657	7.3E-5	0.0597	7.5E-5	0.0631	7.6E-5	0.0561	7.4E-5
0.0498	7.0E-5	0.0400	5.5E-5	0.0538	7.1E-5	0.0662	7.2E-5	0.0601	7.5E-5	0.0636	7.6E-5	0.0564	7.4E-5
0.0502	7.0E-5	0.0403	5.6E-5	0.0541	7.2E-5	0.0667	7.2E-5	0.0605	7.6E-5	0.0640	7.6E-5	0.0568	7.4E-5
0.0506	7.1E-5	0.0405	5.6E-5	0.0545	7.2E-5	0.0672	7.2E-5	0.0609	7.6E-5	0.0645	7.5E-5	0.0572	7.5E-5
0.0509	7.1E-5	0.0408	5.7E-5	0.0548	7.2E-5	0.0677	7.1E-5	0.0612	7.6E-5	0.0649	7.5E-5	0.0576	7.5E-5
0.0513	7.1E-5	0.0410	5.7E-5	0.0552	7.2E-5	0.0682	7.0E-5	0.0616	7.5E-5	0.0653	7.5E-5	0.0579	7.5E-5
0.0516	7.1E-5	0.0413	5.7E-5	0.0555	7.3E-5	0.0686	7.0E-5	0.0620	7.5E-5	0.0658	7.4E-5	0.0583	7.5E-5
0.0520	7.2E-5	0.0416	5.8E-5	0.0558	7.3E-5	0.0691	6.9E-5	0.0623	7.5E-5	0.0663	7.4E-5	0.0586	7.5E-5
0.0523	7.2E-5	0.0418	5.8E-5	0.0562	7.3E-5	0.0695	6.9E-5	0.0627	7.4E-5	0.0667	7.4E-5	0.0590	7.6E-5
0.0527	7.2E-5	0.0421	5.8E-5	0.0565	7.4E-5	0.0699	6.8E-5	0.0631	7.4E-5	0.0672	7.3E-5	0.0594	7.6E-5
0.0530	7.3E-5	0.0424	5.9E-5	0.0569	7.4E-5	0.0704	6.8E-5	0.0635	7.4E-5	0.0676	7.3E-5	0.0598	7.6E-5
0.0534	7.3E-5	0.0426	5.9E-5	0.0572	7.4E-5	0.0709	6.7E-5	0.0639	7.3E-5	0.0680	7.3E-5	0.0602	7.6E-5
0.0537	7.3E-5	0.0429	6.0E-5	0.0576	7.4E-5	0.0713	6.6E-5	0.0643	7.3E-5	0.0683	7.3E-5	0.0606	7.6E-5
0.0541	7.3E-5	0.0432	6.0E-5	0.0579	7.4E-5	0.0718	6.5E-5	0.0647	7.3E-5	0.0686	7.2E-5	0.0610	7.6E-5
0.0544	7.4E-5	0.0435	6.0E-5	0.0583	7.4E-5	0.0722	6.5E-5	0.0651	7.3E-5	0.0690	7.2E-5	0.0613	7.6E-5
0.0547	7.4E-5	0.0438	6.1E-5	0.0586	7.4E-5	0.0727	6.4E-5	0.0654	7.2E-5	0.0694	7.1E-5	0.0617	7.6E-5
0.0551	7.5E-5	0.0440	6.1E-5	0.0590	7.4E-5	0.0732	6.3E-5	0.0657	7.2E-5	0.0698	7.0E-5	0.0621	7.6E-5
0.0554	7.5E-5	0.0443	6.2E-5	0.0594	7.4E-5	0.0736	6.3E-5	0.0660	7.2E-5	0.0703	6.9E-5	0.0625	7.6E-5
0.0559	7.5E-5	0.0446	6.2E-5	0.0598	7.4E-5	0.0740	6.2E-5	0.0664	7.1E-5	0.0707	6.9E-5	0.0630	7.6E-5
0.0564	7.5E-5	0.0448	6.3E-5	0.0602	7.4E-5	0.0743	6.1E-5	0.0667	7.1E-5	0.0712	6.8E-5	0.0635	7.6E-5
0.0569	7.6E-5	0.0451	6.4E-5	0.0606	7.4E-5	0.0747	6.1E-5	0.0672	7.0E-5	0.0717	6.7E-5	0.0639	7.5E-5
0.0573	7.6E-5	0.0453	6.4E-5	0.0610	7.4E-5	0.0752	6.0E-5	0.0677	7.0E-5	0.0722	6.6E-5	0.0644	7.5E-5
0.0578	7.6E-5	0.0456	6.4E-5	0.0614	7.4E-5	0.0756	5.9E-5	0.0681	7.0E-5	0.0727	6.5E-5	0.0649	7.5E-5
0.0582	7.6E-5	0.0458	6.5E-5	0.0619	7.3E-5	0.0761	5.8E-5	0.0686	6.9E-5	0.0732	6.4E-5	0.0654	7.4E-5
0.0586	7.5E-5	0.0461	6.5E-5	0.0623	7.3E-5	0.0766	5.7E-5	0.0691	6.9E-5	0.0737	6.4E-5	0.0659	7.4E-5
0.0591	7.5E-5	0.0465	6.5E-5	0.0628	7.2E-5	0.0771	5.6E-5	0.0695	6.8E-5	0.0742	6.3E-5	0.0663	7.4E-5
0.0596	7.5E-5	0.0468	6.5E-5	0.0633	7.2E-5	0.0777	5.6E-5	0.0700	6.8E-5	0.0747	6.2E-5	0.0668	7.4E-5
0.0601	7.5E-5	0.0471	6.5E-5	0.0639	7.2E-5	0.0782	5.5E-5	0.0706	6.7E-5	0.0752	6.1E-5	0.0673	7.3E-5
0.0607	7.5E-5	0.0475	6.6E-5	0.0644	7.2E-5	0.0787	5.4E-5	0.0711	6.6E-5	0.0757	6.1E-5	0.0677	7.3E-5
0.0612	7.5E-5	0.0478	6.6E-5	0.0650	7.1E-5	0.0793	5.3E-5	0.0716	6.5E-5	0.0763	6.0E-5	0.0682	7.2E-5
0.0618	7.5E-5	0.0481	6.6E-5	0.0655	7.1E-5	0.0798	5.3E-5	0.0722	6.5E-5	0.0768	5.9E-5	0.0686	7.2E-5
0.0623	7.5E-5	0.0484	6.7E-5	0.0661	7.0E-5	0.0803	5.2E-5	0.0727	6.4E-5	0.0773	5.9E-5	0.0691	7.1E-5
0.0628	7.4E-5	0.0487	6.7E-5	0.0667	7.0E-5	0.0809	5.1E-5	0.0732	6.3E-5	0.0779	5.8E-5	0.0695	7.0E-5
0.0633	7.4E-5	0.0489	6.7E-5	0.0672	7.0E-5	0.0814	5.1E-5	0.0737	6.3E-5	0.0784	5.7E-5	0.0700	7.0E-5
0.0638	7.4E-5	0.0492	6.8E-5	0.0678	6.9E-5	0.0819	5.0E-5	0.0742	6.2E-5	0.0789	5.6E-5	0.0704	6.9E-5
0.0643	7.4E-5	0.0495	6.8E-5	0.0683	6.9E-5	0.0824	4.9E-5	0.0748	6.2E-5	0.0794	5.6E-5	0.0709	6.8E-5
0.0648	7.4E-5	0.0498	6.9E-5	0.0687	6.8E-5	0.0829	4.8E-5	0.0753	6.1E-5	0.0799	5.5E-5	0.0713	6.8E-5
0.0652	7.3E-5	0.0502	6.9E-5	0.0692	6.8E-5	0.0834	4.7E-5	0.0758	6.1E-5	0.0804	5.4E-5	0.0718	6.7E-5
0.0656	7.3E-5	0.0505	7.0E-5	0.0697	6.7E-5	0.0839	4.6E-5	0.0763	6.0E-5	0.0808	5.3E-5	0.0722	6.6E-5
0.0660	7.2E-5	0.0508	7.0E-5	0.0702	6.7E-5	0.0843	4.5E-5	0.0767	6.0E-5	0.0812	5.2E-5	0.0727	6.6E-5
0.0664	7.2E-5	0.0511	7.1E-5	0.0706	6.6E-5	0.0848	4.5E-5	0.0772	5.9E-5	0.0815	5.2E-5	0.0731	6.5E-5
0.0668	7.1E-5	0.0515	7.1E-5	0.0710	6.6E-5	0.0853	4.4E-5	0.0777	5.8E-5	0.0820	5.1E-5	0.0735	6.4E-5
0.0673	7.1E-5	0.0518	7.2E-5	0.0714	6.5E-5	0.0858	4.3E-5	0.0781	5.7E-5	0.0824	5.0E-5	0.0738	6.3E-5
0.0677	7.1E-5	0.0522	7.2E-5	0.0719	6.4E-5	0.0863	4.2E-5	0.0786	5.7E-5	0.0829	4.9E-5	0.0741	6.3E-5
0.0680	7.0E-5	0.0525	7.2E-5	0.0723	6.4E-5	0.0867	4.1E-5	0.0790	5.6E-5	0.0834	4.9E-5	0.0745	6.2E-5
0.0684	7.0E-5	0.0528	7.2E-5	0.0726	6.3E-5	0.0872	4.0E-5	0.0795	5.5E-5	0.0840	4.8E-5	0.0748	6.2E-5
0.0688	7.0E-5	0.0532	7.3E-5	0.0730	6.2E-5	0.0877	3.9E-5	0.0799	5.4E-5	0.0845	4.7E-5	0.0752	6.1E-5
0.0691	7.0E-5	0.0536	7.3E-5	0.0734	6.2E-5	0.0881	3.8E-5	0.0802	5.3E-5	0.0851	4.7E-5	0.0756	6.1E-5
0.0695	6.9E-5	0.0539	7.3E-5	0.0738	6.1E-5	0.0886	3.8E-5	0.0806	5.3E-5	0.0857	4.6E-5	0.0760	6.0E-5
0.0698	6.9E-5	0.0543	7.3E-5	0.0741	6.0E-5	0.0890	3.7E-5	0.0811	5.2E-5	0.0863	4.5E-5	0.0765	5.9E-5
0.0702	6.8E-5	0.0547	7.4E-5	0.0745	6.0E-5	0.0894	3.6E-5	0.0815	5.1E-5	0.0868	4.5E-5	0.0769	5.8E-5
0.0705	6.8E-5	0.0551	7.4E-5	0.0748	5.9E-5	0.0899	3.5E-5	0.0819	5.0E-5	0.0873	4.4E-5	0.0774	5.8E-5
0.0708	6.7E-5	0.0555	7.4E-5	0.0752	5.9E-5	0.0903	3.4E-5	0.0824	5.0E-5	0.0879	4.3E-5	0.0778	5.7E-5
0.0711	6.7E-5	0.0559	7.4E-5	0.0756	5.8E-5	0.0907	3.3E-5	0.0829	4.9E-5	0.0883	4.2E-5	0.0783	5.6E-5
0.0715	6.6E-5	0.0563	7.4E-5	0.0759	5.8E-5	0.0910	3.2E-5	0.0835	4.8E-5	0.0888	4.1E-5	0.0788	5.6E-5
0.0718	6.6E-5	0.0567	7.5E-5	0.0764	5.7E-5	0.0914	3.2E-5	0.0841	4.8E-5	0.0893	4.0E-5	0.0794	5.5E-5
0.0721	6.6E-5	0.0571	7.5E-5	0.0768	5.6E-5	0.0918	3.1E-5	0.0847	4.7E-5	0.0898	3.9E-5	0.0799	5.4E-5
0.0725	6.5E-5	0.0575	7.5E-5	0.0773	5.6E-5	0.0921	3.0E-5	0.0853	4.7E-5	0.0904	3.9E-5	0.0804	5.4E-5
0.0729	6.5E-5	0.0579	7.5E-5	0.0778	5.5E-5	0.0925	3.0E-5	0.0859	4.6E-5	0.0909	3.8E-5	0.0809	5.3E-5
0.0733	6.5E-5	0.0582	7.5E-5	0.0783	5.5E-5	0.0930	3.0E-5	0.0865	4.5E-5	0.0914	3.7E-5	0.0814	5.2E-5
0.0737	6.4E-5	0.0586	7.5E-5	0.0788	5.4E-5	0.0934	2.9E-5	0.0870	4.4E-5	0.0919	3.6E-5	0.0819	5.1E-5
0.0742	6.4E-5	0.0590	7.5E-5	0.0793	5.3E-5	0.0939	2.9E-5	0.0875	4.3E-5	0.0924	3.6E-5	0.0824	5.0E-5
0.0746	6.3E-5	0.0593	7.5E-5	0.0798	5.3E-5	0.0943	2.8E-5	0.0880	4.2E-5	0.0929	3.5E-5	0.0828	5.0E-5
0.0751	6.3E-5	0.0596	7.4E-5	0.0802	5.2E-5	0.0947	2.8E-5	0.0885	4.2E-5	0.0935	3.4E-5	0.0833	4.9E-5
0.0756	6.2E-5	0.0600	7.4E-5	0.0807	5.1E-5	0.0952	2.7E-5	0.0889	4.1E-5	0.0941	3.3E-5	0.0837	4.8E-5
0.0760	6.1E-5	0.0603	7.4E-5	0.0812	5.1E-5	0.0956	2.6E-5	0.0894	4.0E-5	0.0946	3.2E-5	0.0842	4.7E-5
0.0765	6.0E-5	0.0607	7.4E-5	0.0816	5.0E-5	0.0960	2.6E-5	0.0898	4.0E-5	0.0951	3.2E-5	0.0847	4.6E-5
0.0769	5.9E-5	0.0611	7.4E-5	0.0820	4.9E-5	0.0964	2.6E-5	0.0902	3.9E-5	0.0956	3.1E-5	0.0851	4.5E-5
0.0774	5.8E-5	0.0616	7.3E-5	0.0824	4.9E-5	0.0968	2.5E-5	0.0906	3.8E-5	0.0961	3.1E-5	0.0856	4.5E-5
0.0778	5.7E-5	0.0620	7.3E-5	0.0827	4.8E-5	0.0973	2.5E-5	0.0910	3.8E-5	0.0967	3.0E-5	0.0861	4.4E-5
0.0782	5.6E-5	0.0624	7.3E-5	0.0830	4.8E-5	0.0977	2.4E-5	0.0913	3.7E-5	0.0973	3.0E-5	0.0866	4.3E-5
0.0787	5.5E-5	0.0628	7.2E-5	0.0834	4.7E-5	0.0982	2.4E-5	0.0917	3.7E-5	0.0978	3.0E-5	0.0871	4.2E-5
0.0792	5.4E-5	0.0632	7.2E-5	0.0837	4.7E-5	0.0986	2.4E-5	0.0921	3.6E-5	0.0983	2.9E-5	0.0875	4.2E-5
0.0796	5.3E-5	0.0636	7.2E-5	0.0840	4.6E-5	0.0991	2.4E-5	0.0925	3.6E-5	0.0988	2.9E-5	0.0879	4.1E-5
0.0801	5.2E-5	0.0640	7.1E-5	0.0843	4.5E-5	0.0996	2.4E-5	0.0928	3.6E-5	0.0993	2.8E-5	0.0883	4.0E-5
0.0806	5.1E-5	0.0644	7.1E-5	0.0846	4.5E-5	0.1001	2.4E-5	0.0932	3.5E-5	0.0997	2.8E-5	0.0887	4.0E-5
0.0811	5.0E-5	0.0648	7.0E-5	0.0849	4.4E-5	0.1006	2.4E-5	0.0936	3.5E-5	0.1001	2.7E-5	0.0891	3.9E-5
0.0815	5.0E-5	0.0652	7.0E-5	0.0852	4.3E-5	0.1011	2.3E-5	0.0940	3.5E-5	0.1004	2.7E-5	0.0895	3.9E-5
0.0820	4.9E-5	0.0655	6.9E-5	0.0855	4.3E-5	0.1016	2.3E-5	0.0943	3.4E-5	0.1007	2.7E-5	0.0899	3.8E-5
0.0825	4.8E-5	0.0659	6.9E-5	0.0858	4.2E-5	0.1021	2.3E-5	0.0947	3.4E-5	0.1010	2.7E-5	0.0903	3.7E-5
0.0830	4.7E-5	0.0663	6.8E-5	0.0861	4.1E-5	0.1026	2.2E-5	0.0950	3.3E-5	0.1013	2.6E-5	0.0906	3.7E-5
0.0835	4.6E-5	0.0667	6.8E-5	0.0865	4.1E-5	0.1031	2.2E-5	0.0954	3.3E-5	0.1016	2.5E-5	0.0910	3.6E-5
0.0840	4.6E-5	0.0671	6.7E-5	0.0868	4.1E-5	0.1036	2.1E-5	0.0958	3.2E-5	0.1019	2.5E-5	0.0913	3.6E-5
0.0846	4.5E-5	0.0675	6.7E-5	0.0872	4.0E-5	0.1041	2.1E-5	0.0962	3.2E-5	0.1023	2.5E-5	0.0917	3.5E-5
0.0851	4.4E-5	0.0679	6.6E-5	0.0875	4.0E-5	0.1045	2.1E-5	0.0966	3.2E-5	0.1027	2.5E-5	0.0920	3.5E-5
0.0856	4.3E-5	0.0683	6.6E-5	0.0879	4.0E-5	0.1050	2.0E-5	0.0969	3.1E-5	0.1032	2.4E-5	0.0923	3.4E-5
0.0861	4.3E-5	0.0688	6.6E-5	0.0882	3.9E-5	0.1054	2.0E-5	0.0973	3.1E-5	0.1037	2.4E-5	0.0925	3.4E-5
0.0865	4.2E-5	0.0692	6.6E-5	0.0886	3.9E-5	0.1060	1.9E-5	0.0977	3.0E-5	0.1042	2.3E-5	0.0928	3.3E-5
0.0869	4.1E-5	0.0697	6.6E-5	0.0890	3.8E-5	0.1065	1.9E-5	0.0981	3.0E-5	0.1047	2.3E-5	0.0930	3.3E-5
0.0874	4.0E-5	0.0701	6.5E-5	0.0893	3.8E-5	0.1069	1.8E-5	0.0984	2.9E-5	0.1052	2.3E-5	0.0933	3.2E-5
0.0879	3.9E-5	0.0706	6.5E-5	0.0896	3.7E-5	0.1074	1.8E-5	0.0988	2.9E-5	0.1057	2.3E-5	0.0936	3.2E-5
0.0884	3.9E-5	0.0710	6.4E-5	0.0900	3.7E-5	0.1078	1.8E-5	0.0992	2.9E-5	0.1062	2.2E-5	0.0939	3.1E-5
0.0889	3.8E-5	0.0714	6.4E-5	0.0904	3.6E-5	0.1083	1.8E-5	0.0996	2.8E-5	0.1068	2.2E-5	0.0943	3.1E-5
0.0894	3.7E-5	0.0718	6.3E-5	0.0909	3.6E-5	0.1088	1.7E-5	0.1000	2.8E-5	0.1072	2.2E-5	0.0946	3.1E-5
0.0898	3.7E-5	0.0723	6.3E-5	0.0914	3.5E-5	0.1093	1.7E-5	0.1004	2.8E-5	0.1077	2.2E-5	0.0949	3.0E-5
0.0902	3.6E-5	0.0726	6.2E-5	0.0919	3.5E-5	0.1098	1.7E-5	0.1006	2.8E-5	0.1082	2.2E-5	0.0953	3.0E-5
0.0906	3.5E-5	0.0729	6.1E-5	0.0923	3.4E-5	0.1103	1.7E-5	0.1009	2.7E-5	0.1087	2.1E-5	0.0956	3.0E-5
0.0910	3.5E-5	0.0733	6.1E-5	0.0926	3.3E-5	0.1108	1.6E-5	0.1012	2.7E-5	0.1092	2.1E-5	0.0960	2.9E-5
0.0915	3.4E-5	0.0736	6.0E-5	0.0930	3.3E-5	0.1112	1.6E-5	0.1016	2.7E-5	0.1096	2.1E-5	0.0965	2.9E-5
0.0919	3.3E-5	0.0739	6.0E-5	0.0933	3.2E-5	0.1116	1.6E-5	0.1019	2.6E-5	0.1100	2.0E-5	0.0969	2.9E-5
0.0923	3.3E-5	0.0742	5.9E-5	0.0938	3.1E-5	0.1120	1.5E-5	0.1023	2.6E-5	0.1104	2.0E-5	0.0974	2.8E-5
0.0927	3.2E-5	0.0745	5.9E-5	0.0943	3.0E-5	0.1125	1.5E-5	0.1026	2.6E-5	0.1108	2.0E-5	0.0978	2.8E-5
0.0931	3.1E-5	0.0749	5.8E-5	0.0948	3.0E-5	0.1129	1.5E-5	0.1030	2.5E-5	0.1111	1.9E-5	0.0983	2.7E-5
0.0935	3.1E-5	0.0752	5.8E-5	0.0953	2.9E-5	0.1134	1.5E-5	0.1035	2.5E-5	0.1114	1.9E-5	0.0987	2.7E-5
0.0939	3.0E-5	0.0755	5.7E-5	0.0957	2.9E-5	0.1139	1.4E-5	0.1039	2.4E-5	0.1118	1.8E-5	0.0992	2.7E-5
0.0942	3.0E-5	0.0759	5.6E-5	0.0962	2.8E-5	0.1143	1.4E-5	0.1044	2.4E-5	0.1121	1.8E-5	0.0997	2.7E-5
0.0946	2.9E-5	0.0763	5.6E-5	0.0967	2.8E-5	0.1147	1.4E-5	0.1048	2.4E-5	0.1124	1.8E-5	0.1002	2.6E-5
0.0950	2.9E-5	0.0767	5.5E-5	0.0972	2.7E-5	0.1152	1.4E-5	0.1052	2.3E-5	0.1126	1.7E-5	0.1007	2.6E-5
0.0954	2.8E-5	0.0772	5.4E-5	0.0977	2.6E-5	0.1156	1.3E-5	0.1056	2.3E-5	0.1129	1.7E-5	0.1012	2.6E-5
0.0957	2.8E-5	0.0776	5.4E-5	0.0982	2.6E-5	0.1160	1.3E-5	0.1061	2.3E-5	0.1131	1.7E-5	0.1016	2.6E-5
0.0961	2.8E-5	0.0781	5.3E-5	0.0987	2.6E-5	0.1163	1.3E-5	0.1065	2.3E-5	0.1134	1.7E-5	0.1021	2.6E-5
0.0965	2.7E-5	0.0785	5.3E-5	0.0992	2.5E-5	0.1167	1.2E-5	0.1069	2.2E-5	0.1137	1.7E-5	0.1025	2.6E-5
0.0968	2.7E-5	0.0788	5.2E-5	0.0997	2.5E-5	0.1170	1.2E-5	0.1073	2.2E-5	0.1140	1.7E-5	0.1029	2.6E-5
0.0972	2.7E-5	0.0793	5.2E-5	0.1002	2.5E-5	0.1173	1.2E-5	0.1078	2.2E-5	0.1142	1.7E-5	0.1033	2.5E-5
0.0976	2.6E-5	0.0798	5.1E-5	0.1007	2.4E-5	0.1177	1.1E-5	0.1082	2.1E-5	0.1145	1.7E-5	0.1036	2.5E-5
0.0979	2.6E-5	0.0802	5.1E-5	0.1012	2.4E-5	0.1180	1.1E-5	0.1086	2.1E-5	0.1148	1.7E-5	0.1039	2.5E-5
0.0983	2.6E-5	0.0807	5.0E-5	0.1016	2.3E-5	0.1183	1.1E-5	0.1089	2.0E-5	0.1151	1.7E-5	0.1042	2.4E-5
0.0987	2.6E-5	0.0812	4.9E-5	0.1021	2.3E-5	0.1185	1.1E-5	0.1093	2.0E-5	0.1154	1.6E-5	0.1044	2.4E-5
0.0991	2.6E-5	0.0817	4.8E-5	0.1025	2.2E-5	0.1188	1.1E-5	0.1097	2.0E-5	0.1157	1.6E-5	0.1047	2.4E-5
0.0994	2.6E-5	0.0823	4.8E-5	0.1029	2.2E-5	0.1190	1.1E-5	0.1101	1.9E-5	0.1160	1.6E-5	0.1049	2.3E-5
0.0998	2.5E-5	0.0828	4.7E-5	0.1033	2.1E-5	0.1192	1.1E-5	0.1105	1.9E-5	0.1163	1.6E-5	0.1051	2.3E-5
0.1002	2.5E-5	0.0833	4.6E-5	0.1037	2.0E-5	0.1194	1.1E-5	0.1108	1.9E-5	0.1165	1.6E-5	0.1053	2.3E-5
0.1006	2.5E-5	0.0839	4.5E-5	0.1040	2.0E-5	0.1195	1.1E-5	0.1112	1.9E-5	0.1168	1.6E-5	0.1055	2.3E-5
0.1009	2.5E-5	0.0844	4.4E-5	0.1044	1.9E-5	0.1196	1.1E-5	0.1115	1.9E-5	0.1170	1.6E-5	0.1057	2.2E-5
0.1012	2.5E-5	0.0849	4.4E-5	0.1047	1.9E-5	0.1196	1.2E-5	0.1119	1.9E-5	0.1173	1.6E-5	0.1059	2.2E-5
0.1015	2.4E-5	0.0853	4.3E-5	0.1051	1.8E-5	0.1196	1.2E-5	0.1122	1.8E-5	0.1177	1.6E-5	0.1061	2.2E-5
0.1019	2.4E-5	0.0858	4.2E-5	0.1054	1.8E-5	0.1196	1.2E-5	0.1126	1.8E-5	0.1180	1.6E-5	0.1064	2.2E-5
0.1022	2.4E-5	0.0863	4.1E-5	0.1057	1.8E-5	0.1196	1.2E-5	0.1129	1.8E-5	0.1183	1.6E-5	0.1066	2.2E-5
0.1026	2.3E-5	0.0867	4.0E-5	0.1060	1.7E-5	0.1196	1.2E-5	0.1132	1.8E-5	0.1186	1.5E-5	0.1069	2.2E-5
0.1030	2.3E-5	0.0871	3.9E-5	0.1064	1.7E-5	0.1196	1.1E-5	0.1136	1.8E-5	0.1189	1.5E-5	0.1071	2.2E-5
0.1034	2.2E-5	0.0876	3.9E-5	0.1067	1.7E-5	0.1196	1.1E-5	0.1139	1.8E-5	0.1192	1.5E-5	0.1074	2.2E-5
0.1037	2.2E-5	0.0880	3.8E-5	0.1070	1.7E-5	0.1196	1.1E-5	0.1143	1.8E-5	0.1194	1.5E-5	0.1077	2.1E-5
0.1040	2.1E-5	0.0884	3.7E-5	0.1073	1.7E-5	0.1196	1.1E-5	0.1146	1.8E-5	0.1194	1.5E-5	0.1080	2.1E-5
0.1043	2.0E-5	0.0889	3.6E-5	0.1077	1.7E-5	0.1196	1.1E-5	0.1149	1.8E-5	0.1194	1.5E-5	0.1082	2.1E-5
0.1046	2.0E-5	0.0893	3.6E-5	0.1080	1.6E-5	0.1196	1.1E-5	0.1153	1.7E-5	0.1194	1.5E-5	0.1085	2.1E-5
0.1048	2.0E-5	0.0897	3.5E-5	0.1084	1.6E-5	0.1196	1.1E-5	0.1156	1.7E-5	0.1194	1.5E-5	0.1088	2.1E-5
0.1051	1.9E-5	0.0902	3.5E-5	0.1087	1.6E-5	0.1196	1.1E-5	0.1159	1.7E-5	0.1193	1.5E-5	0.1090	2.0E-5
0.1053	1.9E-5	0.0905	3.4E-5	0.1091	1.6E-5	0.1196	1.1E-5	0.1162	1.7E-5	0.1194	1.4E-5	0.1093	2.0E-5
0.1055	1.9E-5	0.0909	3.4E-5	0.1094	1.5E-5	0.1196	1.1E-5	0.1166	1.6E-5	0.1194	1.4E-5	0.1096	2.0E-5
0.1057	1.9E-5	0.0912	3.3E-5	0.1097	1.5E-5	0.1196	1.1E-5	0.1169	1.6E-5	0.1194	1.4E-5	0.1098	1.9E-5
0.1060	1.9E-5	0.0916	3.3E-5	0.1100	1.5E-5	0.1196	1.1E-5	0.1172	1.6E-5	0.1194	1.4E-5	0.1100	1.9E-5
0.1062	1.9E-5	0.0919	3.2E-5	0.1103	1.5E-5	0.1196	1.1E-5	0.1175	1.5E-5	0.1194	1.4E-5	0.1103	1.9E-5
0.1065	1.9E-5	0.0923	3.2E-5	0.1107	1.4E-5	0.1196	1.1E-5	0.1179	1.5E-5	0.1194	1.4E-5	0.1105	1.9E-5
0.1067	1.9E-5	0.0926	3.1E-5	0.1110	1.4E-5	0.1196	1.1E-5	0.1182	1.5E-5	0.1194	1.4E-5	0.1108	1.9E-5
0.1070	1.9E-5	0.0931	3.0E-5	0.1112	1.4E-5	0.1196	1.1E-5	0.1184	1.5E-5	0.1194	1.4E-5	0.1111	1.9E-5
0.1073	1.9E-5	0.0935	3.0E-5	0.1115	1.4E-5	0.1196	1.1E-5	0.1187	1.5E-5	0.1194	1.3E-5	0.1113	1.9E-5
0.1076	1.9E-5	0.0940	2.9E-5	0.1118	1.4E-5	0.1196	1.1E-5	0.1189	1.5E-5	0.1194	1.3E-5	0.1116	1.8E-5
0.1080	1.9E-5	0.0945	2.9E-5	0.1121	1.4E-5	0.1196	1.1E-5	0.1191	1.5E-5	0.1194	1.3E-5	0.1120	1.8E-5
0.1083	1.9E-5	0.0950	2.8E-5	0.1123	1.4E-5	0.1196	1.1E-5	0.1192	1.5E-5	0.1194	1.3E-5	0.1123	1.8E-5
0.1087	1.9E-5	0.0955	2.8E-5	0.1126	1.4E-5	0.1196	1.1E-5	0.1193	1.5E-5	0.1194	1.3E-5	0.1125	1.8E-5
0.1090	1.9E-5	0.0960	2.7E-5	0.1128	1.3E-5	0.1196	1.1E-5	0.1194	1.4E-5	0.1194	1.2E-5	0.1128	1.8E-5
0.1094	1.9E-5	0.0965	2.7E-5	0.1130	1.3E-5	0.1196	1.1E-5	0.1194	1.4E-5	0.1194	1.2E-5	0.1131	1.8E-5
0.1098	1.8E-5	0.0970	2.7E-5	0.1133	1.3E-5	0.1196	1.1E-5	0.1195	1.4E-5	0.1194	1.3E-5	0.1134	1.7E-5
0.1103	1.8E-5	0.0975	2.6E-5	0.1136	1.3E-5	0.1196	1.0E-5	0.1195	1.4E-5	0.1194	1.3E-5	0.1136	1.7E-5
0.1107	1.8E-5	0.0979	2.6E-5	0.1139	1.3E-5	0.1196	1.0E-5	0.1195	1.4E-5	0.1194	1.3E-5	0.1138	1.7E-5
0.1111	1.7E-5	0.0983	2.6E-5	0.1142	1.3E-5	0.1196	9.9E-6	0.1195	1.4E-5	0.1194	1.3E-5	0.1139	1.7E-5
0.1114	1.7E-5	0.0987	2.6E-5	0.1144	1.3E-5	0.1196	9.8E-6	0.1195	1.3E-5	0.1194	1.3E-5	0.1139	1.7E-5
0.1118	1.7E-5	0.0992	2.5E-5	0.1147	1.2E-5	0.1196	9.8E-6	0.1195	1.3E-5	0.1194	1.3E-5	0.1139	1.7E-5
0.1121	1.6E-5	0.0996	2.5E-5	0.1150	1.2E-5	0.1196	9.8E-6	0.1195	1.3E-5	0.1194	1.3E-5	0.1139	1.7E-5
0.1125	1.6E-5	0.1000	2.5E-5	0.1153	1.2E-5	0.1196	9.8E-6	0.1195	1.3E-5	0.1194	1.3E-5	0.1139	1.7E-5
0.1129	1.6E-5	0.1004	2.4E-5	0.1156	1.2E-5	0.1196	9.7E-6	0.1195	1.3E-5	0.1194	1.3E-5	0.1139	1.7E-5
0.1133	1.5E-5	0.1008	2.4E-5	0.1158	1.2E-5	0.1196	9.5E-6	0.1195	1.2E-5	0.1194	1.4E-5	0.1139	1.7E-5
0.1136	1.5E-5	0.1012	2.3E-5	0.1160	1.2E-5	0.1196	9.2E-6	0.1195	1.2E-5	0.1194	1.4E-5	0.1139	1.7E-5
0.1140	1.5E-5	0.1016	2.3E-5	0.1162	1.2E-5	0.1196	9.0E-6	0.1195	1.2E-5	0.1194		0.1139	1.7E-5
0.1143	1.5E-5	0.1021	2.2E-5	0.1164	1.2E-5	0.1196	8.9E-6	0.1195	1.2E-5			0.1139	1.7E-5
0.1146	1.5E-5	0.1026	2.2E-5	0.1167	1.2E-5	0.1196	8.7E-6	0.1195	1.2E-5			0.1139	1.7E-5
0.1149	1.5E-5	0.1032	2.1E-5	0.1170	1.2E-5	0.1196	8.6E-6	0.1195	1.2E-5			0.1139	1.7E-5
0.1152	1.5E-5	0.1037	2.1E-5	0.1173	1.2E-5	0.1196	8.5E-6	0.1195	1.2E-5			0.1139	1.7E-5
0.1155	1.4E-5	0.1042	2.0E-5	0.1176	1.2E-5	0.1196	8.4E-6	0.1195	1.2E-5			0.1139	1.7E-5
0.1158	1.4E-5	0.1048	2.0E-5	0.1179	1.1E-5	0.1196	8.4E-6	0.1195	1.2E-5			0.1139	1.7E-5
0.1161	1.4E-5	0.1053	2.0E-5	0.1182	1.1E-5	0.1196	8.3E-6	0.1195	1.2E-5			0.1139	1.7E-5
0.1163	1.3E-5	0.1058	1.9E-5	0.1186	1.1E-5	0.1196		0.1195	1.2E-5			0.1139	1.7E-5
0.1166	1.3E-5	0.1063	1.9E-5	0.1189	1.1E-5			0.1195	1.1E-5			0.1139	1.7E-5
0.1168	1.3E-5	0.1068	1.8E-5	0.1192	1.1E-5			0.1195	1.1E-5			0.1139	1.7E-5
0.1171	1.3E-5	0.1072	1.8E-5	0.1196	1.1E-5			0.1195	1.1E-5			0.1139	1.7E-5
0.1173	1.2E-5	0.1076	1.7E-5	0.1200	1.1E-5			0.1195	1.1E-5			0.1139	1.7E-5
0.1176	1.2E-5	0.1081	1.7E-5	0.1203	1.1E-5			0.1195	1.1E-5			0.1139	1.7E-5
0.1178	1.2E-5	0.1084	1.7E-5	0.1203	1.0E-5			0.1195	1.1E-5			0.1139	1.8E-5
0.1181	1.2E-5	0.1088	1.6E-5	0.1203	1.0E-5			0.1195	1.1E-5			0.1139	1.7E-5
0.1183	1.2E-5	0.1091	1.6E-5	0.1203	1.0E-5			0.1195	1.1E-5			0.1139	1.7E-5
0.1186	1.2E-5	0.1094	1.6E-5	0.1203	1.0E-5			0.1195	1.1E-5			0.1139	1.7E-5
0.1188	1.2E-5	0.1098	1.6E-5	0.1203	9.9E-6			0.1195	1.1E-5			0.1139	1.7E-5
0.1191	1.1E-5	0.1101	1.5E-5	0.1203	9.8E-6			0.1195	1.1E-5			0.1139	1.7E-5
0.1193	1.1E-5	0.1103	1.5E-5	0.1203	9.8E-6			0.1195	1.1E-5			0.1139	1.7E-5
0.1195	1.1E-5	0.1105	1.5E-5	0.1203	9.8E-6			0.1195	1.0E-5			0.1139	1.7E-5
0.1196	1.1E-5	0.1108	1.5E-5	0.1203	9.7E-6			0.1195	1.0E-5			0.1139	1.7E-5
0.1198	1.1E-5	0.1111	1.5E-5	0.1203	9.7E-6			0.1195	1.0E-5			0.1139	1.7E-5
0.1200	1.0E-5	0.1115	1.5E-5	0.1203	9.7E-6			0.1195	1.0E-5			0.1139	1.7E-5
0.1201	1.0E-5	0.1118	1.5E-5	0.1203	9.6E-6			0.1195	1.0E-5			0.1139	1.7E-5
0.1202	1.0E-5	0.1121	1.5E-5	0.1203	9.5E-6			0.1195	1.0E-5			0.1139	1.7E-5
0.1202	1.0E-5	0.1125	1.5E-5	0.1203	9.4E-6			0.1195	1.0E-5			0.1139	1.7E-5
0.1202	1.0E-5	0.1128	1.5E-5	0.1203	9.2E-6			0.1195	1.0E-5			0.1139	1.7E-5
0.1202	1.0E-5	0.1131	1.5E-5	0.1203	9.1E-6			0.1195	1.0E-5			0.1139	1.6E-5
0.1202	1.0E-5	0.1135	1.5E-5	0.1203	8.9E-6			0.1195	1.1E-5			0.1139	1.6E-5
0.1202	1.0E-5	0.1138	1.5E-5	0.1203	8.8E-6			0.1195	1.1E-5			0.1139	
0.1202	1.0E-5	0.1141	1.5E-5	0.1203	8.7E-6			0.1195	1.1E-5				
0.1202	1.1E-5	0.1144	1.5E-5	0.1203	8.8E-6			0.1195	1.2E-5				
0.1202	1.0E-5	0.1146	1.5E-5	0.1203	8.9E-6			0.1195	1.2E-5				
0.1202	1.0E-5	0.1149	1.5E-5	0.1203	9.1E-6			0.1195	1.2E-5				
0.1202	1.0E-5	0.1152	1.5E-5	0.1203	9.2E-6			0.1195	1.2E-5				
0.1202	1.0E-5	0.1154	1.5E-5	0.1203	9.4E-6			0.1195	1.3E-5				
0.1202	1.0E-5	0.1156	1.5E-5	0.1203	9.3E-6			0.1195	1.3E-5				
0.1202	9.8E-6	0.1158	1.5E-5	0.1203	9.3E-6			0.1195	1.3E-5				
0.1202	9.6E-6	0.1161	1.4E-5	0.1203	9.3E-6			0.1195	1.3E-5				
0.1202	9.5E-6	0.1163	1.4E-5	0.1203	9.3E-6			0.1195	1.3E-5				
0.1202	9.3E-6	0.1166	1.4E-5	0.1203	9.3E-6			0.1195					
0.1202	9.2E-6	0.1168	1.4E-5	0.1203	9.4E-6								
0.1202	9.3E-6	0.1170	1.4E-5	0.1203	9.4E-6								
0.1202	9.3E-6	0.1172	1.4E-5	0.1203	9.5E-6								
0.1202	9.4E-6	0.1174	1.4E-5	0.1203	9.6E-6								
0.1202	9.5E-6	0.1176	1.4E-5	0.1203	9.7E-6								
0.1202	9.6E-6	0.1177	1.4E-5	0.1203	9.8E-6								
0.1202	9.7E-6	0.1178	1.4E-5	0.1203	9.7E-6								
0.1202	9.7E-6	0.1179	1.4E-5	0.1203	9.6E-6								
0.1202	9.8E-6	0.1179	1.4E-5	0.1203	9.6E-6								
0.1202	9.9E-6	0.1179	1.4E-5	0.1203	9.8E-6								
0.1202	1.0E-5	0.1179	1.4E-5	0.1203									
0.1202	1.0E-5	0.1179	1.4E-5										
0.1202	1.0E-5	0.1179	1.4E-5										
0.1202	1.1E-5	0.1179	1.4E-5										
0.1202	1.1E-5	0.1179	1.4E-5										
0.1202	1.1E-5	0.1179	1.4E-5										
0.1202	1.1E-5	0.1179	1.3E-5										
0.1202	1.1E-5	0.1179	1.3E-5										
0.1202		0.1179	1.3E-5										
		0.1179	1.3E-5										
		0.1179	1.3E-5										
		0.1179	1.3E-5										
		0.1179	1.3E-5										
		0.1179	1.3E-5										
		0.1179	1.3E-5										
		0.1179	1.3E-5										
		0.1179	1.3E-5										
		0.1179	1.3E-5										
		0.1179	1.3E-5										
		0.1179	1.3E-5										
		0.1179	1.3E-5										
		0.1179	1.3E-5										
		0.1179	1.3E-5										
		0.1179	1.3E-5										
		0.1179	1.3E-5										
		0.1179	1.3E-5										
		0.1179	1.3E-5										
		0.1179	1.3E-5										
		0.1179	1.2E-5										
		0.1179	1.2E-5										
		0.1179	1.2E-5										
		0.1179	1.2E-5										
		0.1179	1.2E-5										
		0.1179	1.2E-5										
		0.1179	1.2E-5										
		0.1179	1.2E-5										
		0.1179	1.2E-5										
		0.1179	1.3E-5										
		0.1179	1.3E-5										
		0.1179	1.3E-5										
		0.1179	1.3E-5										
		0.1179	1.3E-5										
		0.1179	1.4E-5										
		0.1179	1.4E-5										
		0.1179	1.4E-5										
		0.1179	1.4E-5										
		0.1179											
