0.0 0.0008782617187500001
0.0 0.0016493909097290056
0.0 0.0020653843051147477
0.0 0.0022633343151855488
0.0 0.0023539775900268557
0.0 0.0023957903311157256
0.0 0.0024156383499145525
0.0 0.002425296658325194
0.0 0.0024297364392089848
0.0 0.0024317304586791984
0.0 0.0024329269470214853
0.0 0.002433766879882814
0.0 0.002433814685363769
1.9725e-05 0.0024341869186401384
3.945e-05 0.002434620252990723
3.945e-05 0.002434952309570313
3.945e-05 0.00243502683685303
3.945e-05 0.0024347669107055644
1.9725e-05 0.0024351805606079103
0.0 0.002435270973510741
-3.945e-05 0.0024350330184936537
-1.9725e-05 0.0024356053256225562
1.9725e-05 0.0024357397125244163
1.9725e-05 0.0024360106744384753
1.9725e-05 0.002436569684448243
1.9725e-05 0.002436483175964357
3.945e-05 0.002436589328918458
5.9174999999999995e-05 0.0024366064410400417
7.89e-05 0.0024369286303710944
7.89e-05 0.002437186214904784
7.89e-05 0.00243775376434326
7.89e-05 0.002437907676391601
7.89e-05 0.002438083452148438
7.89e-05 0.002438204315490725
9.8625e-05 0.0024380871874999997
0.00011835 0.0024378882333374015
0.000177525 0.002437483011474608
0.0002367 0.002436544424133299
0.000335325 0.002436417268066407
0.00043394999999999995 0.002436323265686037
0.000532575 0.0024365258282470726
0.000650925 0.0024365124545288087
0.000789 0.0024372105187988285
0.00090735 0.0024374596545410133
0.00106515 0.0024378722113037096
0.001242675 0.0024378771960449214
0.001400475 0.0024375659957885753
0.001558275 0.002437601309509276
0.0017358 0.0024377465457153346
0.001913325 0.002438223757629394
0.002110575 0.0024379016918945327
0.002307825 0.002437226731262208
0.0025248 0.002436506527709963
0.0027417749999999997 0.0024355861676025404
0.0029587499999999996 0.002435792184753419
0.003215175 0.0024362596487426755
0.0034321499999999997 0.002437156758117676
0.0036688499999999995 0.002437646361999513
0.0039055499999999994 0.0024379100903320332
0.004142249999999999 0.002437813744812013
0.0043592249999999996 0.0024378539938354486
0.004595925 0.0024377197601318343
0.004793175 0.002436989928588868
0.0050101500000000005 0.0024369726605224604
0.005187675000000001 0.0024370519821167013
0.005384925000000001 0.002436772530822755
0.005562450000000002 0.0024366040460205084
0.005759700000000002 0.0024366552606201195
0.005996400000000002 0.0024364844177246084
0.006213375000000003 0.0024360255053710957
0.006469800000000003 0.0024359973214721684
0.006726225000000003 0.0024367673855590823
0.0069826500000000034 0.002437014098510741
0.007239075000000004 0.002436301447753909
0.007475775000000004 0.00243597542327881
0.007732200000000004 0.0024355506433105505
0.007988625000000004 0.0024351966217041024
0.008225325000000004 0.0024348963153076188
0.008501475000000003 0.002434816914367678
0.008757900000000002 0.002434437350769044
0.009014325000000002 0.0024341175115966808
0.009251025000000001 0.0024339917306518567
0.009487725 0.002434078347473145
0.009724425 0.0024337952368164092
0.009961125 0.0024330238745117173
0.010178099999999999 0.0024324867065429715
0.010355624999999999 0.0024321668280029296
0.010552874999999998 0.002431875072937013
0.010730399999999998 0.002431248935852052
0.010907924999999997 0.0024311328414916987
0.011105174999999997 0.0024311376940917974
0.011243249999999996 0.002430914362487795
0.011401049999999996 0.00243048594696045
0.011539124999999996 0.0024299085916137694
0.011657474999999995 0.0024298779373168942
0.011795549999999995 0.0024298339953613295
0.011953349999999995 0.0024298840206909166
0.012130874999999994 0.002429359262084961
0.012308399999999994 0.0024283462005615245
0.012545099999999993 0.002427362306518556
0.012762074999999993 0.0024267750491333024
0.012979049999999992 0.002425776616821288
0.013196024999999991 0.002424898901062014
0.013393274999999991 0.002424515476684571
0.01355107499999999 0.0024242212649536136
0.01370887499999999 0.002423802594909669
0.01388639999999999 0.0024237011972045924
0.01406392499999999 0.0024231544335937515
0.014221724999999989 0.0024230749710083027
0.014399249999999988 0.0024227649700927743
0.014596499999999988 0.0024228442184448247
0.014774024999999988 0.002422862544250491
0.014971274999999987 0.002421948470764161
0.015168524999999987 0.00242136001037598
0.015365774999999986 0.002420437242431641
0.015563024999999986 0.002419511950073244
0.015779999999999985 0.0024184890252685557
0.016016699999999984 0.0024181836700439465
0.016273124999999986 0.0024173634863281263
0.016529549999999987 0.0024170386553955085
0.016785974999999988 0.0024158975021362303
0.01704239999999999 0.002414890388488769
0.01729882499999999 0.002413634347229003
0.01753552499999999 0.00241254909942627
0.01777222499999999 0.0024114529107666046
0.01802864999999999 0.0024110584481811543
0.01826534999999999 0.0024105616476440437
0.01848232499999999 0.002410253983154295
0.01869929999999999 0.0024090115411376984
0.01889654999999999 0.0024082240737915055
0.01909379999999999 0.0024075831680297867
0.019310774999999992 0.0024074939187622075
0.019527749999999993 0.002406954480590819
0.019724999999999993 0.0024066626705932623
0.019941974999999994 0.002406610120544435
0.020158949999999995 0.002405536157226562
0.020356199999999994 0.0024042373852539074
0.020533724999999996 0.0024027677014160156
0.020730974999999995 0.002401834949951174
0.020947949999999996 0.0024013184884643566
0.021164924999999998 0.0024002981066894523
0.0213819 0.0023989810421752946
0.021618599999999998 0.002397745670166018
0.021875025 0.0023973645971679678
0.02213145 0.002396584667663575
0.0224076 0.0023951407418823234
0.0227232 0.0023932536456298826
0.023038799999999998 0.002393156762390136
0.023374125 0.002392062041320803
0.02370945 0.002390831606445313
0.0240645 0.0023895035058593746
0.0243801 0.0023877946166992185
0.024675975 0.0023857097497558574
0.024952125 0.0023842984484863296
0.025188824999999998 0.0023828897564697276
0.0254058 0.002381605545654299
0.025622775 0.0023800479968261725
0.0258792 0.002377567758789066
0.026175075000000003 0.002375282553710937
0.026470950000000004 0.0023733049377441424
0.026786550000000003 0.0023714262509155273
0.027102150000000002 0.0023693108316040056
0.027398025000000003 0.002367147757568361
0.027674175000000002 0.0023647113024902336
0.027950325 0.002363019221801759
0.028246200000000003 0.002361817927246095
0.028542075000000004 0.0023600492703247096
0.028837950000000005 0.002357084481506349
0.029133825000000006 0.0023544928353881837
0.029409975000000005 0.0023519061642456054
0.029686125000000004 0.002350066377868655
0.029962275000000003 0.002348129146423343
0.030238425000000003 0.00234619921295166
0.030514575000000002 0.0023440483892822267
0.030790725 0.002341074962158205
0.031066875 0.002339004423828124
0.031343025000000004 0.0023373917605590826
0.031638900000000005 0.0023352458978271504
0.03191505000000001 0.0023332011947631856
0.03219120000000001 0.002331274895629885
0.03244762500000001 0.002328579775390625
0.03266460000000001 0.00232509852661133
0.03288157500000001 0.00232325363494873
0.03309855000000001 0.0023218460549926756
0.03333525000000001 0.002319783230590821
0.03359167500000001 0.002317435889587405
0.03386782500000001 0.002314839516296387
0.03418342500000001 0.0023117829907226555
0.03449902500000001 0.002307873291931152
0.03481462500000001 0.002304308752441408
0.03513022500000001 0.00230017437347412
0.03540637500000001 0.002296569504699706
0.035682525000000014 0.002293535914611815
0.035958675000000016 0.0022897677877807606
0.03625455000000002 0.0022864803140258782
0.03655042500000002 0.002283422395324708
0.03682657500000002 0.002279926411132812
0.037102725000000024 0.002276385162658693
0.03737887500000003 0.0022734248123168965
0.037635300000000024 0.002270448742065431
0.03789172500000002 0.002266241286315919
0.03814815000000002 0.0022615697714233386
0.03838485000000002 0.00225734602661133
0.03862155000000002 0.002253695980834963
0.03885825000000002 0.002250102216796877
0.03913440000000002 0.00224606546234131
0.03941055000000002 0.002241832113037108
0.03966697500000002 0.00223730459869385
0.03992340000000002 0.0022323999078369136
0.040179825000000016 0.0022273169445800795
0.04045597500000002 0.0022224121148681627
0.04073212500000002 0.0022172522665405278
0.04102800000000002 0.002212294940490721
0.041304150000000026 0.002207116773071289
0.04160002500000003 0.002202122830505371
0.04189590000000003 0.0021976781130981474
0.04219177500000003 0.002191805667419435
0.04250737500000003 0.002185537455749512
0.04280325000000003 0.002179471731262207
0.04309912500000003 0.0021732193365478513
0.04337527500000003 0.0021665068051147473
0.043671150000000034 0.0021601798043823233
0.04392757500000003 0.002153614922485351
0.044203725000000034 0.0021468803457641615
0.04447987500000004 0.002140578967895506
0.044736300000000034 0.0021336992297363282
0.04501245000000004 0.00212637878326416
0.045268875000000035 0.0021198771136474634
0.04552530000000003 0.002113714919433595
0.045801450000000035 0.002106847420043945
0.046038150000000035 0.0020998052273559567
0.04629457500000003 0.0020930412417602532
0.04659045000000003 0.002085185069580079
0.04690605000000003 0.002076759918823244
0.04724137500000003 0.00206702880004883
0.04759642500000003 0.0020569483209228515
0.04793175000000003 0.0020466102505493165
0.04820790000000003 0.002036639455566407
0.048503775000000034 0.002026802996215819
0.04883910000000003 0.0020163295227050783
0.04921387500000003 0.002005370171508789
0.04954920000000003 0.0019938529769897456
0.04990425000000003 0.001981782802734374
0.05023957500000003 0.0019690302877807602
0.05059462500000003 0.0019553195898437516
0.050949675000000035 0.001941893005065917
0.05128500000000003 0.001928842373962401
0.05162032500000003 0.0019158028204345717
0.05195565000000003 0.0019020102841186513
0.052271250000000026 0.0018876781436157212
0.052586850000000025 0.0018730969070434576
0.052882725000000026 0.0018583801440429698
0.05315887500000003 0.0018441624899292
0.05341530000000003 0.001830038931274417
0.053671725000000024 0.001817221221923831
0.05392815000000002 0.0018043245132446288
0.05418457500000002 0.001791845160827639
0.05446072500000002 0.001779799154052734
0.05471715000000002 0.0017676348770141604
0.05495385000000002 0.001754723686828615
0.05521027500000002 0.0017409922024536125
0.055466700000000015 0.0017270725717163078
0.05572312500000001 0.0017128990512084972
0.05597955000000001 0.0016991953204345703
0.05623597500000001 0.0016851426733398443
0.05651212500000001 0.0016703577001953135
0.05674882500000001 0.0016555029812622079
0.05700525000000001 0.0016413646185302732
0.05730112500000001 0.0016265466732788103
0.05757727500000001 0.0016105557556152326
0.057853425000000014 0.0015940568591308606
0.05812957500000002 0.0015775737008667007
0.058386000000000014 0.0015613980868530277
0.058622700000000014 0.001546547901916505
0.058898850000000016 0.0015309316384887715
0.05917500000000002 0.0015140557327270492
0.05947087500000002 0.0014958724658203154
0.05978647500000002 0.0014764367437744132
0.06006262500000002 0.0014574656802368187
0.06031905000000002 0.0014390939483642567
0.06055575000000002 0.0014214936578369137
0.06079245000000002 0.0014049016088867167
0.06100942500000002 0.0013887991915893566
0.06122640000000002 0.001373936820983888
0.06144337500000002 0.0013589515002441406
0.061640625000000025 0.0013453891326904326
0.06181815000000002 0.0013316574856567388
0.062035125000000024 0.001318684883728029
0.062252100000000025 0.001304189414978029
0.062488800000000025 0.0012890906887817397
0.06270577500000002 0.0012732595730590832
0.06296220000000002 0.0012576857781982414
0.06323835000000003 0.0012417117572021492
0.06351450000000003 0.0012241560003662109
0.06379065000000003 0.0012053159893798833
0.06408652500000003 0.0011865000653076194
0.06438240000000003 0.0011674193209838893
0.06465855000000004 0.0011488242288208014
0.06493470000000004 0.0011305172720336917
0.06523057500000004 0.0011123543942260737
0.06550672500000004 0.0010939706604003894
0.06578287500000005 0.001075093830566407
0.06605902500000005 0.0010566855102539048
0.06633517500000005 0.0010388386901855476
0.06661132500000005 0.0010214801696777336
0.06684802500000006 0.0010046160324096679
0.06708472500000007 0.0009889943838500975
0.06732142500000007 0.0009739197842407235
0.06753840000000007 0.0009595324053955068
0.06781455000000007 0.0009453660903930668
0.06813015000000007 0.0009291446804809558
0.06846547500000007 0.0009120001358032235
0.06882052500000006 0.000893793614196779
0.06919530000000006 0.0008745263012695332
0.06957007500000005 0.0008531706222534186
0.06998430000000005 0.0008307038589477524
0.07037880000000006 0.0008089483099365218
0.07077330000000007 0.0007875175646972677
0.07112835000000006 0.0007674305587768556
0.07148340000000006 0.0007490744131469732
0.07185817500000005 0.0007315876235961921
0.07221322500000005 0.0007138801593017586
0.07258800000000004 0.0006960835507202147
0.07300222500000005 0.0006777645895385768
0.07339672500000005 0.0006595236032104491
0.07381095000000006 0.0006418879537963864
0.07420545000000006 0.0006254020706176769
0.07459995000000007 0.0006097463455200207
0.07501417500000007 0.0005933744543457049
0.07540867500000008 0.0005780275183105449
0.07580317500000008 0.0005629676321411119
0.07617795000000008 0.0005489134255981461
0.07653300000000007 0.0005342358471679679
0.07686832500000007 0.0005207418988037127
0.07720365000000007 0.0005084784075927726
0.07753897500000007 0.0004972964965820297
0.07785457500000006 0.00048613560272216727
0.07815045000000007 0.00047597910156250143
0.07844632500000007 0.00046607913513183665
0.07872247500000007 0.0004563427661132809
0.07901835000000007 0.00044707263000488216
0.07929450000000007 0.0004387874716186558
0.07955092500000008 0.00043035855255127084
0.07982707500000008 0.0004222786312866221
0.08008350000000009 0.00041435134704589916
0.08033992500000009 0.00040721858001709137
0.0805766250000001 0.0004008097076416031
0.0808330500000001 0.0003940226928710946
0.0811092000000001 0.0003877127590942389
0.0813853500000001 0.00038187279785156347
0.08166150000000011 0.0003755338113403339
0.08191792500000011 0.00036902018310546874
0.08217435000000012 0.00036271519927978587
0.08245050000000012 0.0003559855691528322
0.08272665000000012 0.0003495475079345716
0.08300280000000013 0.0003434634350585919
0.08325922500000013 0.0003382910879516624
0.08349592500000014 0.00033321293945312656
0.08375235000000014 0.000328391098022459
0.08402850000000014 0.0003234472808837906
0.08430465000000015 0.0003182947451782252
0.08458080000000015 0.0003127699359130874
0.08483722500000015 0.00030789062408447394
0.08509365000000016 0.00030262948913574277
0.08531062500000015 0.0002975134860229494
0.08554732500000016 0.0002931981002807612
0.08578402500000017 0.0002888804739379883
0.08602072500000017 0.0002847739758300764
0.08625742500000018 0.00028068827728271656
0.08649412500000019 0.0002768381207275398
0.08675055000000019 0.0002731002996826185
0.0870069750000002 0.0002693942370605463
0.0872831250000002 0.00026605674255371435
0.0875592750000002 0.00026192486114502223
0.0878748750000002 0.00025705688110351423
0.0881904750000002 0.0002525462936401374
0.0885258000000002 0.00024767699859619397
0.08888085000000019 0.00024308952575683652
0.08923590000000019 0.00023830441894531166
0.08959095000000018 0.00023294811645507672
0.08994600000000018 0.00022828607757568545
0.09032077500000017 0.00022400985809326016
0.09069555000000017 0.00022013524597167927
0.09107032500000016 0.00021532468902587807
0.09144510000000015 0.00021090442535400407
0.09178042500000015 0.0002072762976074219
0.09207630000000015 0.00020339330474853544
0.09239190000000015 0.0002000826147460946
0.09270750000000015 0.00019742498077392437
0.09302310000000015 0.00019417073547363452
0.09333870000000015 0.00019009379272460824
0.09363457500000015 0.00018655606018066521
0.09391072500000015 0.00018357008239746307
0.09416715000000016 0.00018111023406982353
0.09442357500000016 0.0001792472918701189
0.09469972500000017 0.00017801056304931755
0.09497587500000017 0.00017620894653320313
0.09525202500000017 0.00017405571411132996
0.09550845000000018 0.00017171079132080364
0.09578460000000018 0.000169760009155275
0.09606075000000018 0.00016762016387939624
0.09637635000000018 0.00016509950714111216
0.09671167500000018 0.0001624347482299809
0.09708645000000017 0.00015939773193359715
0.09742177500000017 0.00015646069519042983
0.09769792500000017 0.00015437063964843822
0.09793462500000018 0.00015184389343262004
0.09817132500000018 0.00014982472351074403
0.09842775000000019 0.00014722965270996168
0.0986841750000002 0.00014488828063965
0.0989406000000002 0.00014309371032714856
0.0991970250000002 0.0001419668344116235
0.09943372500000021 0.00014154917663574304
0.09969015000000021 0.00013989909423827986
0.09998602500000021 0.000138302401123047
0.10026217500000022 0.00013698763336181783
0.10055805000000022 0.00013515670776367332
0.10087365000000022 0.00013332077148437544
0.10116952500000022 0.00013122000762939596
0.10146540000000022 0.00012981236358642733
0.10176127500000022 0.000128302379455565
0.10207687500000022 0.00012643235229492316
0.10241220000000022 0.00012472820922851435
0.10272780000000022 0.0001231790982055684
0.10306312500000021 0.00012223412292480427
0.10337872500000021 0.00012088168579101676
0.10365487500000022 0.00011960237060546861
0.10395075000000022 0.00011874289062500241
0.10426635000000022 0.00011708537536621136
0.10458195000000022 0.00011572787841796975
0.10491727500000021 0.00011462185852050909
0.10525260000000021 0.00011318029205322423
0.10558792500000021 0.00011180576354980512
0.1059232500000002 0.00011018229064941591
0.1062585750000002 0.00010850749877929858
0.1065939000000002 0.00010754540649414177
0.1069292250000002 0.00010610875762939696
0.1072448250000002 0.00010448404876708898
0.1075604250000002 0.00010313632324218565
0.10789575000000019 0.00010212427642822336
0.10823107500000019 0.00010104153045654425
0.10856640000000019 9.908618225097558e-05
0.10890172500000019 9.748453124999958e-05
0.10923705000000018 9.578533691406406e-05
0.10957237500000018 9.423378631591698e-05
0.10990770000000018 9.261637115478771e-05
0.11026275000000017 9.064380371093963e-05
0.11057835000000017 8.934114593505917e-05
0.11089395000000017 8.802767211914006e-05
0.11118982500000017 8.708641693115277e-05
0.11148570000000017 8.592070159912293e-05
0.11178157500000017 8.547496490478772e-05
0.11203800000000018 8.45607754516603e-05
0.11227470000000019 8.352076782226704e-05
0.11249167500000018 8.25905645751973e-05
0.11268892500000018 8.196060668945114e-05
0.11288617500000017 8.173345520019503e-05
0.11306370000000017 8.151738800048927e-05
0.11324122500000017 8.153441955566321e-05
0.11341875000000017 8.0854662170412e-05
0.11357655000000016 8.027968475342082e-05
0.11373435000000016 7.99866455078125e-05
0.11391187500000016 7.9752255859377e-05
0.11404995000000016 7.939462066650675e-05
0.11416830000000017 7.884535217285085e-05
0.11430637500000017 7.86560531616218e-05
0.11442472500000017 7.808485961914219e-05
0.11454307500000017 7.803468048095817e-05
0.11468115000000018 7.780645355224424e-05
0.11479950000000018 7.71986383056645e-05
0.11493757500000018 7.670056396484575e-05
0.11509537500000018 7.655765289306683e-05
0.11523345000000018 7.601820129394774e-05
0.11541097500000018 7.56531674194336e-05
0.11556877500000018 7.52515652465846e-05
0.11572657500000018 7.457414398193402e-05
0.11590410000000018 7.399794677734403e-05
0.11604217500000018 7.373175598144645e-05
0.11619997500000018 7.356937652587806e-05
0.11633805000000018 7.36877145385735e-05
0.11649585000000018 7.355960235595773e-05
0.11665365000000018 7.335332305908246e-05
0.11679172500000018 7.306159637451399e-05
0.11692980000000018 7.256482147216939e-05
0.11706787500000018 7.198500823974752e-05
0.11718622500000019 7.10390548706069e-05
0.11732430000000019 7.101196960449347e-05
0.11748210000000019 7.082402160644561e-05
0.11767935000000018 7.060918457031166e-05
0.11787660000000018 7.055421295166143e-05
0.11809357500000017 7.036991912841811e-05
0.11831055000000017 6.979994720458842e-05
0.11852752500000016 6.917984252929702e-05
0.11874450000000016 6.863172882080205e-05
0.11896147500000015 6.768700378417855e-05
0.11917845000000014 6.669580444335881e-05
0.11937570000000014 6.641242431640839e-05
0.11959267500000013 6.632326446533289e-05
0.11977020000000013 6.583142181396584e-05
0.11994772500000013 6.510516204833942e-05
0.12010552500000013 6.486822326660441e-05
0.12026332500000013 6.459479492187542e-05
0.12040140000000013 6.442387084961051e-05
0.12053947500000013 6.412605102539149e-05
0.12067755000000013 6.458240539550753e-05
0.12083535000000013 6.445681854248032e-05
0.12099315000000013 6.442139556885007e-05
0.12115095000000013 6.41980538940434e-05
0.12128902500000013 6.442133087158444e-05
0.12144682500000013 6.388319122314653e-05
0.12158490000000013 6.266998107910327e-05
0.12174270000000013 6.1808076782225e-05
0.12190050000000013 6.140146881103516e-05
0.12205830000000013 6.114142242431939e-05
0.12219637500000013 6.08240539550804e-05
0.12231472500000014 6.086424774169993e-05
0.12239362500000014 6.152937469482635e-05
0.12247252500000015 6.18688116455098e-05
0.12251197500000015 6.188720245361455e-05
0.12255142500000014 6.119158020019517e-05
0.12255142500000014 6.063246398925924e-05
0.12257115000000014 6.0462688903808305e-05
0.12257115000000014 6.039430419921875e-05
0.12251197500000015 6.027346771240348e-05
0.12239362500000014 6.004034149169993e-05
0.12243307500000014 5.9997569274902346e-05
0.12249225000000014 5.98303640747076e-05
0.12253170000000013 6.007806304931683e-05
0.12249225000000014 6.0004901123046594e-05
0.12247252500000014 5.969490173339716e-05
0.12243307500000014 5.9166391906738564e-05
0.12243307500000014 5.8803801574707176e-05
0.12245280000000014 5.889402038574475e-05
0.12245280000000014 5.876468078613566e-05
0.12245280000000014 5.8778072814942544e-05
0.12245280000000014 5.904534332275533e-05
0.12245280000000014 5.8652442016602845e-05
0.12245280000000014 5.816174377441662e-05
0.12245280000000014 5.8276338500975855e-05
0.12245280000000014 5.9648094482420025e-05
0.12245280000000014 6.010120513916087e-05
0.12245280000000014 5.97510641479505e-05
0.12245280000000014 5.990596710205078e-05
0.12245280000000014 6.018059539794922e-05
0.12245280000000014 6.057119140625142e-05
0.12245280000000014 6.016855773926066e-05
0.12245280000000014 6.026730926513928e-05
